mse,sqr_percentage,abs_percentage_median,abs_percentage_mean,abs_percentage_std,div_max,div_min,div_avg,n
5.302104804221071e-39,400.0,0.0,0.0,0.0,0.0,0.0,0.0,0
2.377691289366958e-38,51996002.79930144,6.7497234905296075,-221.05770047443147,72107.339716545,1.4113710200547303e-14,-1.1057127435876168e-14,7.856629194709348e-16,1
7.338553362243697e-43,144404270.6777424,29.59022151399654,-230.72782423412107,120167.72899343842,1.62231339473351e-14,-1.6368850719317152e-14,8.111039930944814e-16,2
1.1854999982056319e-36,791281983.106609,55.854813492171104,-360.9785191487737,281296.99588913564,4.84300100023205e-14,-4.3222370127438126e-14,3.77969736672229e-15,3
1.2603306764489286e-36,413719230.1989442,69.33682413905223,-305.03440856637883,203400.52013486408,5.694056337546272e-14,-5.469930064450068e-14,1.6779180282854177e-15,4
5.507733044533978e-36,585201074.7710861,70.3152863115668,-317.4143658215571,241908.97469896855,7.183836858715154e-14,-5.0431880893597736e-14,7.631223488772468e-15,5
7.379383149647585e-36,885715285.7592368,70.96589406242913,-341.87411082461176,297609.4057994495,3.2596148002994596e-13,-2.7439162053610744e-13,1.4709332565634078e-14,6
6.764718862826222e-36,138598324.77341992,71.56526623527301,-227.56709795284678,117727.34337800038,3.498867862106181e-13,-2.8543833963112775e-13,1.6327454193834944e-14,7
7.34712994102464e-36,117111332.68132463,72.25913037395752,-212.45940166449347,108217.54108356602,4.152789223610398e-13,-3.470002063465927e-13,1.4907494124169783e-14,8
1.060070579607298e-35,112595984.36504033,73.54349792038214,-202.3931999149176,106110.82892510609,4.172773238053651e-13,-3.498867862106181e-13,1.4918733204823583e-14,9
8.466767751662785e-36,255907332.1647172,74.258382618208,-233.43168950364245,159970.71807538846,4.193867475521529e-13,-3.5138558729386205e-13,1.4712928502839487e-14,10
1.2479251329907172e-35,199127541.7852026,75.38008676059752,-215.0729825186484,141112.23187377385,3.763933609235437e-13,-4.264921749097539e-13,1.2206689652127789e-14,11
9.56334497785576e-36,1472019779.4929385,75.73358622485785,-339.75036587569576,383668.8910409511,3.823608096809039e-13,-4.287126209590042e-13,1.1304726445072867e-14,12
1.0312618041369721e-35,2243099672.3602233,76.16721332809828,-362.2921995136033,473613.5478420368,4.186373470105309e-13,-4.611311332780588e-13,1.0413394683587521e-14,13
7.42424783135427e-36,2222615876.4050384,76.47604600773634,-360.624808049268,471446.08840496995,4.879083248532368e-13,-5.131450819817474e-13,1.4840621979773772e-14,14
7.369786979208742e-36,1612384211.5794373,76.69073754649108,-329.5197603589013,401544.855981145,5.274669589994119e-13,-5.975775430044905e-13,1.5814359852514867e-14,15
7.904439305383805e-36,1193006316.6061604,76.90710845024532,-297.57824705272594,345399.0476977784,5.55056001161347e-13,-6.870615187892781e-13,1.4355751348474025e-14,16
5.234520809825115e-36,1038439034.2861924,77.09143107785593,-289.8195784869685,322248.0087564505,5.605238495576259e-13,-6.858680290378061e-13,1.518059405033097e-14,17
5.206140193077517e-36,1128616448.7840192,77.30162106801129,-291.72377714334107,335948.68555801245,5.507261313653089e-13,-7.071843111106091e-13,1.579954627776529e-14,18
5.967539241370968e-36,1066536381.4498452,77.47605131352975,-286.6774246284595,326578.4990915143,5.177525075339418e-13,-7.314981953499e-13,1.635315291746246e-14,19
6.565678031939597e-36,1352194062.897212,77.93440609472879,-302.6070453522312,367721.7357756786,5.243444567426536e-13,-7.106537580625627e-13,1.651238077598421e-14,20
6.592869909107541e-36,1166787716.061014,78.22892951270106,-278.06095738469946,341582.5731010259,5.704881012036367e-13,-7.464862061823396e-13,1.6624702193583177e-14,21
4.797190730032244e-36,1533946348.2974677,78.47594377454047,-302.68766320250955,391656.104783161,5.619116283384074e-13,-7.390754674929667e-13,1.70138474104051e-14,22
4.234715729295173e-36,1421829742.722372,78.71604173026523,-298.66244149792243,377071.40720502514,5.682676551543864e-13,-7.400191570638981e-13,1.713375197893225e-14,23
4.319755619512191e-36,1227286259.2068744,79.08409657844433,-279.813081210391,350326.2894903468,5.653255641391297e-13,-7.424616477180734e-13,1.709932639155149e-14,24
4.3628162526060186e-36,1095033872.1253638,79.28936600883674,-257.5607578203509,330912.8030940651,5.318800955222969e-13,-7.328859741306815e-13,1.7164112530967638e-14,25
4.31397102775738e-36,1045909506.8348165,79.44852223255728,-251.80938987312774,323405.08477272326,5.473399511402022e-13,-7.417400027520671e-13,1.7320810102552623e-14,26
4.9052093393334e-36,458656132.6086035,79.62261599456997,-199.09106739475266,214162.40639335357,5.552502901906564e-13,-7.361888876289413e-13,1.7846159542429024e-14,27
5.3386657780671214e-36,489602293.290176,79.83476253519166,-199.76661599985687,221269.41341325195,5.364597654988756e-13,-7.439049376500861e-13,1.6796340552972645e-14,28
5.4056776634295534e-36,532526930.20330787,80.0968952862804,-201.4676914063229,230765.28546024888,5.723616025576916e-13,-7.934208845483681e-13,1.6138897702812195e-14,29
5.221788924267166e-36,586105041.698102,80.36057256055393,-208.84832441771923,242095.90225361983,5.721395579527666e-13,-7.257527911974648e-13,1.656936740590531e-14,30
5.7426432192784875e-36,530807174.42931175,80.60714014435244,-201.80584412701432,230392.36568142535,5.98437965848575e-13,-7.291389714225716e-13,1.5344954281003452e-14,31
5.790213915138691e-36,448210457.7630308,80.8537344270151,-187.07663742970516,211709.65176163535,6.203093594336906e-13,-6.980527267330672e-13,1.5475509569805467e-14,32
3.235627838275438e-36,438589188.74521947,81.06830398086947,-186.07000477480244,209425.04711533003,5.455913498764176e-13,-6.85951295764653e-13,1.7519822398393003e-14,33
3.484974901803307e-36,238656941.89134437,81.29464040838343,-151.3372598706605,154485.0755664591,5.797862190348724e-13,-8.325007350151736e-13,1.6844695006130233e-14,34
3.478081727681247e-36,238269653.72630718,81.51064940241609,-148.24039506225304,154359.68237153374,6.265821195228227e-13,-8.594791545135649e-13,1.649569466361584e-14,35
5.526597068280755e-36,135192214.35967827,81.71010804254108,-124.62668372258265,116271.98424836357,6.126210649881614e-13,-8.86402062860725e-13,1.226140331242773e-14,36
5.75124282348726e-36,120210969.16802217,81.92924639684192,-120.83954730424065,109640.55464116491,6.223910276048628e-13,-9.445777493510832e-13,1.2819432051385742e-14,37
6.363800185838722e-36,21010687.838139948,82.14038314330122,-84.54819666247586,45837.0068044479,6.085132397970483e-13,-9.36806188178707e-13,1.2359613718284892e-14,38
7.408063395085698e-36,30623645.0176894,82.37460880533959,-86.55805771722122,55338.29727612883,6.299960553235451e-13,-9.36140054363932e-13,1.2092859506972352e-14,39
6.781997475251135e-36,86664514.7493983,82.574616911108,-106.42812710520067,93093.55673163313,6.894484982922222e-13,-7.556733017111128e-13,9.96436922171304e-15,40
6.082663427898096e-36,43463014.76315106,82.83830360268857,-89.9734993234134,65926.19897763022,7.100986465502501e-13,-7.247535904753022e-13,1.0974103570315919e-14,41
7.115192508898804e-36,57106858.57150867,83.03232015011743,-90.86375503918461,75568.83820467861,6.926126339124039e-13,-7.277511926417901e-13,1.247879596723135e-14,42
8.148037639319831e-36,20366504.473555055,83.25920302164478,-69.39558511551584,45128.90470899944,7.59170504238682e-13,-7.979450433737156e-13,1.3728369328681724e-14,43
2.0075470487507403e-35,30387337.549372442,83.47296157697629,-75.31645272125877,55124.40612599716,7.185363415374013e-13,-7.953637748414621e-13,1.7164897011472885e-14,44
2.00980267897135e-35,16266686.398529196,83.69823317154506,-64.82018962196071,40331.53598682679,7.300826609935029e-13,-7.514266986419216e-13,1.6822114688884602e-14,45
1.7586620327257047e-35,49114210.992140874,83.89181553226652,-84.67939147027575,70081.19676047689,7.553957459549565e-13,-7.969180870759374e-13,1.6416237582269253e-14,46
1.8256138718085616e-35,56729602.30770864,84.15781589704625,-87.69473476926262,75318.73735121162,7.562839243746566e-13,-7.581435479409038e-13,1.76637658974885e-14,47
2.1063953258766086e-35,316787747.35248435,84.39558126297898,-139.7130800809317,177985.09284416042,7.562839243746566e-13,-7.565059689795817e-13,1.722630718625773e-14,48
2.115226208392868e-35,283270925.36755973,84.61191829286152,-134.89862840709637,168306.31185781912,7.425171588693047e-13,-7.407408020299044e-13,1.6931113147291812e-14,49
2.8869827849084265e-35,476049416.0862881,84.85422926762408,-157.70324281748162,218185.3517741699,7.488454301096681e-13,-7.467915175141115e-13,1.757759929123094e-14,50
3.039812138122377e-35,503214363.3973852,85.09030679669377,-162.57266312487533,224324.18672660794,7.922551503725117e-13,-7.555622794086503e-13,1.702083690041039e-14,51
3.211251032398885e-35,515259689.8845785,85.28888253342399,-160.3654597580971,226993.11638350214,8.179013022413528e-13,-7.393252676735074e-13,1.6652220690323758e-14,52
3.278960083197353e-35,204479581.33697048,85.49988304427794,-119.48055680047135,142996.12817417938,8.389955397092308e-13,-7.466249840604178e-13,1.66981812250845e-14,53
2.5757015408319964e-35,162758251.85993606,85.76788153216532,-109.94110372342301,127576.50469571138,9.722223026642496e-13,-7.286393710614902e-13,1.9021559982987688e-14,54
2.683763592075759e-35,95669550.19331588,86.06045425381873,-89.66189074851978,97810.55467629246,1.0262901639634947e-12,-7.254197242900773e-13,2.0230630442479796e-14,55
3.9497854083890253e-35,39009597.78575667,86.31732749201524,-63.759346381631644,62457.36843982656,1.0506040482027856e-12,-7.261968804073149e-13,2.1262403489109695e-14,56
3.7633357462996286e-35,28394718.816453844,86.54059716783448,-56.3853177692753,53286.36330116691,1.0164091790443308e-12,-7.826517212095041e-13,2.3402639779771897e-14,57
3.2437668966615284e-35,50531809.69473473,86.80065817801918,-63.78241146767485,71085.45511961654,1.1052270210143433e-12,-8.51624326614342e-13,2.141764871165118e-14,58
3.089279769402967e-35,53641847.989591554,87.02413992529947,-63.10069460196728,73240.33195975055,1.1146639167236572e-12,-8.589240430012524e-13,2.1958139396267068e-14,59
2.961535175390046e-35,55987973.15831807,87.2636984951715,-60.79747119979195,74824.85453300853,1.1117773368596318e-12,-8.643918913975313e-13,2.2368641468416428e-14,60
3.5005977491125926e-35,59482291.42855715,87.56567840804928,-58.45747962594791,77124.51401058704,1.0435818875720315e-12,-9.040268533766493e-13,2.428204049868358e-14,61
3.478079416466931e-35,57860494.10786687,87.80715730306036,-54.14995966657856,76065.84290353398,1.0081935286621047e-12,-9.35473920549157e-13,2.4164143872579873e-14,62
2.718588525076859e-35,23773770.06389028,88.04023906881828,-35.469759772412445,48758.062787147086,1.2304046670408297e-12,-1.003752636563604e-12,2.7275107327017087e-14,63
2.950051812409974e-35,38853163.70216794,88.29631143942174,-41.061355257015684,62332.05014241842,1.2124745651931335e-12,-9.903744491168709e-13,2.6859169787976337e-14,64
3.0808935168634597e-35,39567686.61925847,88.58061817994343,-40.92160944006468,62902.59455438568,1.3337664306334318e-12,-1.092903545441004e-12,2.5793227507546016e-14,65
3.100777303118831e-35,62009018.75420032,88.83971876996007,-47.35512521126089,78745.57796117729,1.3165024626005106e-12,-1.096345236817342e-12,2.583979326805282e-14,66
1.124266930521742e-35,47815525.153938994,89.09374522599128,-40.519812456451554,69148.53456433077,1.2783663017046365e-12,-1.099120794378905e-12,3.262510053780865e-14,67
1.4756728606623027e-35,39594158.1719074,89.34933902107826,-36.366380620723135,62923.65116077534,1.3509748875151217e-12,-1.1665668431248832e-12,2.9661176100136286e-14,68
8.127265864028e-36,19198356.859985206,89.59027950334686,-19.486687346778435,43815.708877675024,1.297184581972033e-12,-1.1182166304024577e-12,2.3259264884482415e-14,69
3.778776637618244e-36,17685004.089292847,89.78046066690636,-17.15695725116205,42053.32347943279,1.4527823388732486e-12,-1.1051159987118808e-12,2.8136932405911333e-14,70
1.9874911221064836e-36,19145156.77654336,89.98464371841143,-16.20332497372537,43754.974394392935,1.5523138330308939e-12,-1.1362577545526165e-12,3.194742117456566e-14,71
1.2257095029864445e-36,18002137.58837025,90.23088944681638,-11.96583618259431,42428.72208526301,1.5973888878306752e-12,-1.2432277429752503e-12,3.383476658569418e-14,72
1.4089704260420707e-36,29670368.658467248,90.37521020432584,-20.873534974273003,54470.28045830015,1.5591972157835698e-12,-1.287747686262719e-12,3.210991754123673e-14,73
1.0882451317831196e-36,16295514.776178226,90.51347289953335,-9.216815548162703,40367.42607215795,1.660227511024459e-12,-1.2898571100095069e-12,3.129170437426381e-14,74
1.1361376389746825e-37,11843269.516967287,90.6391476552209,-3.115226339784504,34413.7435299168,1.6552037518380303e-12,-1.2784218128558678e-12,3.2457781639874366e-14,75
6.8631094162475e-38,16218854.803492153,90.76820434646197,-5.2635035971735515,40272.359961864044,1.688649220454863e-12,-1.3041789870271714e-12,3.290017949433535e-14,76
9.583555580278547e-38,29291384.245961104,90.89847299197166,-14.465942907824846,54121.28516776702,1.7142121055968573e-12,-1.4352963262354024e-12,3.19137434457501e-14,77
7.58225732404887e-37,22809518.57800318,91.03072717395338,-7.713993995010716,47759.06069081058,1.64834812466097e-12,-1.489253165232185e-12,3.542881073391611e-14,78
1.2840483796598981e-36,16726420.019855175,91.15557972193102,0.20484544647469974,40897.66223155047,1.621036638255191e-12,-1.443178909710241e-12,3.455792847100674e-14,79
1.2348847545366125e-36,19706361.715350114,91.25613778527745,2.0045023941740543,44391.58130852418,1.62186930552366e-12,-1.4415135751733033e-12,3.423176672678885e-14,80
2.547875540316131e-36,38899985.56594728,91.38666884142793,-8.831911985155145,62369.632974293185,1.5893952820533741e-12,-1.517896919267514e-12,3.329211906155649e-14,81
2.354795349738069e-36,40216507.26516642,91.51793331508874,-8.607030100596198,63416.2691404001,1.6035506256173448e-12,-1.5079049120458876e-12,3.345177337293275e-14,82
2.804230630043829e-36,51893056.5269841,91.6446907120094,-16.888303867279316,72036.63243627103,1.5893952820533741e-12,-1.4265255643408636e-12,3.328229378053561e-14,83
1.929275023990502e-36,43960507.76302656,91.75958387070403,-13.73817193922206,66302.51159843989,1.5876189252139739e-12,-1.4329648578836895e-12,3.336884009848736e-14,84
1.8652092661357934e-36,44851735.03063296,91.8557265618177,-14.261972895701799,66971.23325562115,1.7804924201669792e-12,-1.6188161922059408e-12,3.541106836769793e-14,85
2.731192430725351e-36,55041315.97409931,91.96219100413691,-17.11646173686103,74189.640439545,1.758815315611173e-12,-1.7247314687551807e-12,4.160705730566545e-14,86
2.6925522600385863e-36,24405021.98606706,92.0895272188385,-6.427560692464067,49401.21599032964,1.7561507803520726e-12,-1.72029057665668e-12,4.1681396952757903e-14,87
1.7644384564699583e-36,14648016.872191628,92.18010115176523,2.1857305040545127,38272.479298179955,1.7617018954751984e-12,-1.7209567104714552e-12,4.175483165243706e-14,88
3.308262316827209e-36,16381386.598650862,92.32163586955602,4.9679038512929505,40473.72128844887,1.9242385462803213e-12,-1.6704415628510105e-12,4.090950957621094e-14,89
3.6807286391695075e-36,11614845.994082984,92.43590024309813,12.763447917576325,34080.34103638965,1.916022895898095e-12,-1.624256285026604e-12,4.1234035861685096e-14,90
1.0699908217854117e-35,11757516.167244492,92.54384849340516,10.817945796247843,34288.99716143662,1.9475532297974496e-12,-1.706301766546403e-12,3.5902449030708914e-14,91
1.9468993235760557e-35,17706779.969172604,92.64763756169147,3.4753815431041475,42079.19582155745,2.169819879327406e-12,-1.9934054407144686e-12,3.0438599172042145e-14,92
3.444917370476396e-35,16071471.457166426,92.75954266555777,6.188250049626347,40089.009975963265,2.093436535233195e-12,-2.1550539130998914e-12,2.6490122788226503e-14,93
4.3793275848774405e-35,16099373.571221625,92.87905752864364,5.959162047495919,40123.78748584052,2.2998269955110118e-12,-2.2476465133536294e-12,2.45915623898258e-14,94
2.620430135444811e-35,32304399.31927903,92.98178647539987,-4.087552780666095,56836.75610887161,2.1103119252074976e-12,-2.1141977057936856e-12,2.911654328135387e-14,95
3.617627668509276e-35,37195597.11659485,93.10525140258918,-6.357806309087841,60988.00597737745,2.0836665726164938e-12,-2.114530772701073e-12,3.166963701315171e-14,96
3.408084178686305e-35,22811935.873195812,93.19751133369856,2.45270464151485,47761.63410797922,2.0692336732963668e-12,-2.1105339698124226e-12,3.171767054246624e-14,97
4.1571758113927387e-35,95494529.78988399,93.28232974247089,-23.586379600911805,97721.13764842878,2.0654589150126412e-12,-2.0931034683258076e-12,3.171154504112551e-14,98
4.077250403518845e-35,75693495.57686162,93.38536606487696,-12.40409311243452,87001.8372868297,2.0621282459387658e-12,-2.092548356813495e-12,3.141705452890263e-14,99
3.9566359451039735e-35,71766119.74103552,93.49349117230287,-8.760977394932812,84714.71329450888,2.1527224447481785e-12,-2.0493606811555765e-12,2.928863170511183e-14,100
3.014360810441024e-35,22423433.878021434,93.57942101920604,10.193632529489129,47353.15953075762,2.1100898806025725e-12,-2.2577495428777183e-12,3.378900458039791e-14,101
5.155530802646913e-35,33230504.43504318,93.68140347817778,4.822268674693014,57645.70187067429,2.3150370509483764e-12,-2.390088127413037e-12,2.784103869514344e-14,102
4.738716825853667e-35,26762613.388019297,93.76522130309888,7.783661465985644,51732.38094268238,2.311040248059726e-12,-2.4023005806839137e-12,2.7954789332139562e-14,103
8.731750891071009e-35,26027887.178212665,93.85766528998022,9.871811526989163,51017.321126234085,2.405187160547939e-12,-2.545297306255634e-12,1.8881821260850904e-14,104
1.1927031304553397e-34,9590126.36355281,93.93631683778104,21.800273764872436,30967.64995155124,2.121414155453749e-12,-2.0949908474676704e-12,1.389816117130454e-14,105
1.042834378352073e-34,9164591.616297876,94.00570256366271,22.064643886255336,30272.796965487814,2.4758528560653303e-12,-2.245204022699454e-12,2.5555556899043492e-14,106
9.737108252992537e-35,16019774.505164849,94.08295451642266,17.20557017195913,40024.47167200034,2.510880392492254e-12,-2.294719969597736e-12,2.523081859181116e-14,107
9.427008085476576e-35,19412424.481355116,94.14317895762207,15.274859590157421,44059.302776174394,2.6922908347160046e-12,-2.283728761653947e-12,3.705916553569604e-14,108
7.592914036007948e-35,16754176.79750752,94.21188659789836,16.828924898780894,40931.629140345205,2.733840931412601e-12,-2.4021895583814512e-12,3.930419743527727e-14,109
6.328594586917456e-35,15420201.143330703,94.27888948480448,17.750128506151874,39268.3238506219,2.7348401321347637e-12,-2.4571455981003965e-12,4.1201924202674236e-14,110
6.294300514443722e-35,16819609.22620464,94.34547135152727,17.03490024960944,41011.48656190817,2.7562396809344136e-12,-2.4780177909633494e-12,3.996972409683577e-14,111
6.87261619590848e-35,10845817.631893659,94.42537831939867,28.30882243317311,32932.714190682746,2.763622664048171e-12,-2.443933944107357e-12,3.155293927371695e-14,112
7.04335139999386e-35,4632580.87705865,94.47907989827155,34.86411642593436,21523.05382425792,2.7803315205687795e-12,-2.413735877837553e-12,3.244135669976266e-14,113
7.008088768809089e-35,5197863.231914377,94.54114300045075,34.613539496916786,22798.462535842595,3.223310507394217e-12,-2.432054557743868e-12,3.1646534351392753e-14,114
9.054270937056352e-35,5165812.576460589,94.5922761626916,34.93970122622012,22728.06363886447,3.198108444735226e-12,-2.6154634014119438e-12,2.5898360423807592e-14,115
9.473630522760133e-35,8137016.501385309,94.67253835481654,31.08598268482415,28525.154210201712,3.157474282033945e-12,-2.9869995366027524e-12,2.476388403751775e-14,116
5.060641431974875e-35,8711245.134213576,94.73570753456298,31.276983824862175,29514.524979635175,5.202394071091021e-12,-3.43924888568381e-12,4.187786595123545e-14,117
4.855302466076515e-35,10111976.45997316,94.78574480218597,30.766728054886276,31799.056998037722,5.0608406354513136e-12,-3.40349970429088e-12,4.218675081336788e-14,118
5.696292900122283e-35,15307915.721449446,94.83875436304905,28.210307481355652,39125.09104281436,4.9467097085198475e-12,-3.4208191834750323e-12,4.5334453783555753e-14,119
5.826643051412243e-35,21776869.186747357,94.8954490337644,24.235730854310788,46665.475869152215,5.179523476783743e-12,-3.550826299658638e-12,4.885306472628908e-14,120
6.022741131752962e-35,26253610.539794207,94.95561968347542,24.27940099576057,51238.06788757249,5.177858142246805e-12,-3.5020875088775938e-12,4.820320069024812e-14,121
4.6207815340789173e-35,26154264.26407729,95.010727467523,24.4791358355886,51141.035755986275,5.1947335322211075e-12,-3.5113023599819826e-12,4.6302423700739224e-14,122
4.5668114337460603e-35,25247269.88487972,95.06071166508413,25.228418882021266,50246.45656883335,5.6776805479330505e-12,-3.2848168629584507e-12,3.7201553566074746e-14,123
4.631897817168746e-35,19038016.52816437,95.1180137231922,28.625392270050366,43632.35295168403,5.836442440454448e-12,-3.4501290713251365e-12,3.67353813263755e-14,124
4.73607273158173e-35,20947277.519546647,95.17328952881977,28.205325163227965,45767.9734286697,6.357192550154878e-12,-3.397282455352979e-12,3.636317327495833e-14,125
4.443113340349548e-35,30861575.940945372,95.21709639992329,24.09764503361868,55552.9984895925,7.58415552581937e-12,-3.2281954887025677e-12,3.906353442877868e-14,126
3.388748278236372e-35,31266618.153172377,95.27031931580925,24.526334722965235,55916.36521059805,7.534251000862469e-12,-3.238409540529119e-12,3.8119426596742536e-14,127
1.630488103546135e-35,33550421.02871006,95.32824608299704,23.703814415716202,57922.53290255453,7.440437155281643e-12,-3.1010749523829872e-12,2.6886679611099536e-14,128
1.6865343538091447e-35,25297455.58109302,95.38095453432413,28.267879283997733,50296.37417771916,7.1329053774604745e-12,-3.4835467843663537e-12,2.6729282367712573e-14,129
1.5390282200800796e-35,9883481.248896388,95.42904860262206,38.3654121382844,31437.73284207594,7.1904149301360576e-12,-3.503863865716994e-12,2.6551686196918388e-14,130
2.1334997896404308e-35,9336555.121850606,95.47620819702757,40.127206729242616,30555.49747544313,7.224887355050669e-12,-3.374855950255551e-12,2.963176579107163e-14,131
1.0612126973180264e-35,9390615.735245125,95.52790559917705,40.09895859466663,30643.833490871883,7.252087819153985e-12,-3.52839979456121e-12,2.5867438977848304e-14,132
1.1383765467534799e-35,4283652.931698985,95.57562394250742,46.35827294503061,20696.612105785203,6.403988450642828e-12,-3.775646462145232e-12,1.5152611033192936e-14,133
1.0469371135790752e-35,3722059.518689556,95.62032982679659,47.556521941420726,19292.243220140794,6.212641512348682e-12,-3.867572928584195e-12,1.0552407713070187e-14,134
1.276992790837333e-35,1614749.6558885677,95.66204867530669,51.57844399249268,12706.724656957216,6.943112751400804e-12,-4.04520861252422e-12,2.3712515361756164e-14,135
2.9157789297000155e-35,1780145.9784638504,95.70455636271845,50.931396658383896,13341.67016741804,6.957101561511081e-12,-4.0532022183015215e-12,2.336119916340134e-14,136
2.967788342824811e-35,2737388.1052621,95.74483281811106,48.06742524254268,16544.58941236287,6.85951295764653e-12,-4.116318397251462e-12,1.549339938751911e-14,137
3.745407255829831e-35,2670849.4242174267,95.78556710610546,48.90353688351379,16342.266518266239,6.907752148066493e-12,-4.1051051447027476e-12,1.6186341426144896e-14,138
2.98776524047414e-35,2051732.2242478668,95.82813882164473,52.47953932595218,14323.37408680145,6.878109193309001e-12,-4.142242104876459e-12,1.439151074546076e-14,139
1.878759791374054e-35,1281064.2704589798,95.86843795561245,54.467530201467035,11317.80564995419,6.94777568810423e-12,-4.37661018537483e-12,8.952253483271752e-15,140
1.843983934446906e-35,1436640.6421133184,95.90171725929109,53.72411210270303,11985.451642804153,7.218226016902918e-12,-4.364564265557647e-12,2.1086672146052186e-14,141
7.704685744913948e-36,2476104.595000612,95.94480077735199,51.48757171704351,15735.252933832197,6.956546449998768e-12,-5.205114117501353e-12,3.24470427378228e-14,142
4.594998900315613e-36,1870542.2441570284,95.98068976047966,53.13251955877267,13676.324005162653,6.8420269450086835e-12,-5.1953996660358825e-12,2.7758252872193504e-14,143
4.328161300477563e-36,1611619.6503686106,96.01917609338668,54.633152145109776,12694.482852343988,6.893374759897597e-12,-5.1405546486194e-12,2.899916418108717e-14,144
3.0604250390013336e-36,1376131.1620006727,96.0536058380867,55.12309434582784,11730.338283740035,6.4590000015130045e-12,-4.92650364947167e-12,2.976498966282085e-14,145
3.1926641246997945e-37,3149500.4863833063,96.0905184090087,51.96239429100183,17746.498072255297,6.726730283901361e-12,-4.95831153912718e-12,2.1019844815345974e-14,146
5.564231824862599e-37,1428460.7110758673,96.12605448912672,56.3454942905542,11951.324162724406,5.917211165495928e-12,-4.976741241335958e-12,1.8479725851413182e-14,147
1.2098455574321224e-38,704829.2491250159,96.16054781589374,61.0339515666476,8394.670446246719,6.012967901369848e-12,-5.128175661894829e-12,1.478351584667988e-14,148
4.226556856098351e-39,4741603.831386353,96.19767249488967,51.38111878844603,21774.96222682329,5.915823386715147e-12,-4.799716180059477e-12,1.7716838798500748e-14,149
2.8648167194505624e-35,10552980.488766557,96.22868331448815,46.22160686815608,32485.18484354751,5.993761043043833e-12,-5.153988347217364e-12,-5.653352014917741e-15,150
9.232339978197937e-36,5161467.848402162,96.26457283388905,51.29137089053753,22718.61085007713,7.0943806385059816e-12,-5.249245482730203e-12,-2.1378250250305956e-14,151
6.595929073986677e-36,3727225.69281275,96.29900668234097,52.35868992342938,19305.703447354113,7.118639011594041e-12,-5.28399546340097e-12,-2.197191213693106e-14,152
5.833680239488595e-36,3978410.6960571827,96.33626450481688,53.00084423198351,19945.65410249471,6.954103959344593e-12,-5.4404258875706546e-12,-2.2163530655822722e-14,153
3.567112839208685e-36,3627500.341112637,96.36908202701142,53.733657801696445,19045.68058532603,6.527445250981145e-12,-5.369704680902032e-12,-4.8594383725286685e-14,154
1.617890468392287e-36,3833563.2735158475,96.40125397976352,53.349792058602596,19579.17432549731,6.548650510751486e-12,-5.634714916880057e-12,-5.494388412605497e-14,155
1.490606422168373e-35,4032866.337379289,96.43613310345631,54.354233660598005,20081.7087372152,6.236289262773198e-12,-6.428080290277194e-12,-6.212158970101781e-14,156
1.2936384714353332e-34,4057010.4757704698,96.4659051803838,54.55590360738974,20141.7342585228,6.130096430467802e-12,-6.788569706372982e-12,-5.113990828031767e-14,157
2.187954768560835e-34,4155958.858903313,96.50309574493298,54.39341859944021,20385.884309766636,5.838662886503698e-12,-7.12652159506888e-12,-6.235115818715226e-14,158
1.2205091144237117e-34,4385008.186803129,96.53107803662544,53.9311553566625,20940.13293299267,5.814793091474257e-12,-7.191802708916839e-12,-6.07413560036216e-14,159
4.2201024450698753e-35,4854956.260303509,96.56229524830727,54.20165434962758,22033.711460559945,6.294409438112325e-12,-9.050094007534426e-12,-4.4440111313104324e-14,160
4.132340572447964e-35,4041380.6906396206,96.59131745790258,55.53472402733962,20102.90543905553,6.318640055624769e-12,-9.171108317218568e-12,-4.3241565806435075e-14,161
9.333662079316292e-35,3009881.6369492626,96.62305563146131,56.85316673664416,17348.675930911028,7.282424663301867e-12,-1.097444357611721e-11,-6.109074087650651e-14,162
1.1833222000016076e-34,831836.0665965461,96.65344051964273,63.888594446804255,9119.829100258517,7.44762584936609e-12,-1.026612128640636e-11,-5.090379699547299e-14,163
1.1323955387076237e-34,566069.5717560245,96.68294486061853,66.84723946717422,7522.97311744131,6.876332836469601e-12,-1.118805048605509e-11,-5.876100724826966e-14,164
1.0216679581778519e-34,592978.0023127139,96.7094677723721,66.21928219869194,7699.748502735823,6.419031972626499e-12,-1.113642511541002e-11,-5.48342370738148e-14,165
1.1211730565498337e-34,630179.9710982478,96.73828735591441,66.45547328182603,7937.658698503763,6.486061687738243e-12,-1.1070699912352211e-11,-4.224180804528959e-14,166
5.894241250258158e-35,809646.0351243843,96.76867362355478,64.82804557568504,8997.35361852813,6.404959895789375e-12,-1.0839662500927716e-11,-6.850041367467697e-14,167
3.1470335576529804e-35,890842.8388480328,96.7956350265566,64.34888218628963,9437.770896310605,6.408540365043791e-12,-1.0760725643876867e-11,-6.363093501178992e-14,168
1.0905488874340243e-35,1995966.8745672945,96.82142239949448,59.943761952045925,14127.43197876623,7.230049892115176e-12,-1.0745737633044428e-11,-4.8224433705594073e-14,169
1.5764303799052114e-35,1356812.2720662109,96.84799172740321,62.90667332963582,11647.689140967337,7.161965465130038e-12,-1.0684120255177731e-11,-4.35957269512905e-14,170
4.156783143319835e-35,1572184.9203828021,96.87982447755277,62.7143966927787,12538.170634974025,7.8953510396218e-12,-1.150890494017176e-11,-3.5641073425907166e-14,171
7.332477380919079e-35,2909570.5888609192,96.90727964082473,58.83497037822176,17057.087364498297,7.805478485778394e-12,-1.1950995748577498e-11,-2.3591075081085144e-14,172
8.054015253296886e-35,2840183.4570907527,96.9317641295904,58.88444821006619,16852.466114877097,8.024136910478319e-12,-1.1245671061033136e-11,-2.644703707575956e-14,173
5.823997081437598e-35,2098967.436251968,96.96102785502978,62.66163691685392,14487.34357230291,8.344991364594989e-12,-1.10834674771354e-11,-1.2541514894505292e-14,174
4.889330140664893e-35,1936498.6927829518,96.98697047979579,63.42011999192258,13915.330815927191,8.814421414982121e-12,-1.1189049686777253e-11,-3.1758950215047637e-14,175
5.126604379864266e-35,1663125.5563964427,97.01591883120162,63.312341979357875,12895.69834711391,9.350964447207843e-12,-1.1264211785544376e-11,-2.790980987987801e-14,176
5.258258533768847e-35,1864954.7309266664,97.04365178382605,63.679692706253284,13655.839606922558,9.160394665030935e-12,-1.1610601369227425e-11,-2.7375989207027254e-14,177
8.670153274393008e-38,1012072.2923488858,97.07626149261716,65.97463994579493,10059.59929463971,9.25479137769969e-12,-1.173972030699133e-11,-1.6267193996154382e-14,178
1.4982127854290692e-35,816089.9874739465,97.10428388956254,67.16939288776847,9033.116566295686,1.0399681116268766e-11,-1.5022205701598068e-11,4.404040789459292e-15,179
1.61238910648306e-35,765300.941154085,97.1303793726507,67.88152005163863,8747.437187300698,1.0113798687427789e-11,-1.5177303858138202e-11,7.616145368692805e-15,180
4.806091273921104e-35,731652.2702499232,97.15435616512167,68.46550616471218,8552.94769913517,9.84684556115667e-12,-1.4870216169526884e-11,1.30946584594079e-14,181
1.0015926105196905e-34,1349234.2614293033,97.18120368630636,66.70644438847536,11615.101476372125,9.82741665822573e-12,-1.48073775463331e-11,1.5411087722319274e-14,182
9.988441597669009e-35,1543397.3611842722,97.20700358380151,66.80633451326085,12422.83170309836,9.979794768355532e-12,-1.5568768496621033e-11,1.512971846572163e-14,183
8.296951936369561e-35,1230028.298384106,97.23256202332439,68.19666275102348,11090.09495599885,9.241607479282266e-12,-1.4885204180359324e-11,4.1541482830802996e-14,184
7.044237469851324e-35,2257502.2063895836,97.25998854541673,65.95639140919253,15024.546241873502,9.486522678514575e-12,-1.3980594459894746e-11,3.803543321350627e-14,185
5.604945585097764e-35,1189618.8376467112,97.28094589525,67.6851605154578,10906.376803731544,1.0006329098644073e-11,-1.3767320616864254e-11,4.474607220244447e-14,186
6.281348890505238e-35,1248588.8687909725,97.30322212532842,68.0375337912745,11173.460586869038,9.581890836329876e-12,-1.3266610032758308e-11,8.081565894885795e-15,187
6.157287865290325e-35,3520267.877958103,97.32698418714651,63.55909647696293,18762.007394887263,1.0568101949104403e-11,-1.3267276166573083e-11,8.698903865752191e-15,188
6.910622812582679e-35,2566915.8934158674,97.35095979285299,65.22265700117016,16021.178501896396,9.633904785033565e-12,-1.3263723452894283e-11,7.763084156990156e-15,189
9.107059483612884e-35,2049012.311765595,97.3717590686673,66.68984889096299,14313.915709714009,1.0153516916133754e-11,-1.2901457679959094e-11,1.830129219467421e-14,190
9.162993011872907e-35,1031987.0778830394,97.39520589446492,69.70274284379184,10158.07083436381,1.1387835119336387e-11,-1.2862266807189826e-11,1.901844229940725e-14,191
3.8417119216420582e-34,2221609.747125744,97.41596500701189,66.91870872420911,14904.627543453002,1.1249556841619324e-11,-1.220001877300092e-11,4.433667360717289e-14,192
4.336280389543343e-34,2098926.2646710714,97.43794832761223,67.56110237927066,14487.227584875967,1.1930983978558629e-11,-1.0971668018555647e-11,5.2870040521494726e-14,193
3.2887032369020568e-34,2505386.047830097,97.4601414563906,67.0538690798683,15828.000364304338,1.3776563223544258e-11,-1.1231682250922859e-11,4.4735112605017354e-14,194
3.367743753293388e-34,2496849.151488795,97.48375372094671,67.0656671752002,15801.012887471828,1.1883466433104672e-11,-1.1963319224150837e-11,6.062236361052223e-14,195
3.152573211729749e-34,4519494.329505595,97.50448085821337,64.36457628029028,21258.782143578443,1.2577272556768548e-11,-1.1702194768759e-11,6.140184811215872e-14,196
4.216323516364142e-34,4653518.074419685,97.52615775287791,64.08562909717317,21571.697945686876,1.275010652612707e-11,-1.1602940830357511e-11,5.979042492591328e-14,197
2.9834024234680837e-34,7078398.799519322,97.54714961728254,61.79925819208333,26604.98684859999,1.280306416440169e-11,-1.1662115717570032e-11,5.923129849248908e-14,198
3.689224572127746e-34,6212367.410018263,97.56868983333126,63.0570923003039,24924.336232189868,1.2737116916738955e-11,-1.1501022356696922e-11,5.687664652525509e-14,199
3.912837615469769e-34,4465379.356566635,97.59091149152643,64.55990130804418,21131.116061811073,1.3450018876426384e-11,-1.101330138197909e-11,4.434275284922092e-14,200
4.1010364740174065e-34,1539246.587324994,97.61090653770577,69.62310055296395,12406.12610671902,1.2024103934749064e-11,-1.2544576488693338e-11,4.3498331865467044e-14,201
4.182847120737788e-34,1244082.2433248241,97.63760441459128,69.93919778267953,11153.275686694455,1.2262912907345935e-11,-1.2727152665092945e-11,4.490280254102845e-14,202
4.372272925720958e-35,1271574.8186445076,97.66169803178866,69.94765105087205,11275.85367014337,1.2336076604668733e-11,-1.279931716169358e-11,4.124524603028096e-14,203
1.5606427894125046e-36,217078.06791472607,97.68045774726875,75.14301182735294,4657.974763536122,1.2617684674864904e-11,-1.284719552963054e-11,4.354308002126513e-14,204
1.5062122140849324e-36,232848.32334960153,97.70500557958235,75.11004775135909,4824.295456761407,1.2743417432403703e-11,-1.3702761147982301e-11,4.469702193242596e-14,205
5.080445545085668e-36,2153086.357928772,97.7291063718874,69.77308778061742,14672.963007208667,1.2698453399906384e-11,-1.3268386389597708e-11,3.801108540578567e-14,206
3.123247819954612e-36,3095881.5779821477,97.75101767087841,68.46064397557734,17594.744937086463,1.689742790134119e-11,-1.533295712619065e-11,7.161070347816434e-14,207
2.5334582137923915e-36,3134860.0774327395,97.7728611819293,68.77464558788118,17705.165493067794,1.6213974607381942e-11,-1.58771884528619e-11,7.12941183712691e-14,208
9.092495389023946e-37,3307951.552675304,97.79464830347396,68.63785478048679,18187.413167869312,1.6565526728129498e-11,-1.510436220542033e-11,8.16671768790991e-14,209
1.2419154340856418e-36,3312466.9350405596,97.82123207263426,69.11407357958244,18199.823450845506,1.6338652653047347e-11,-1.4958367877682122e-11,7.90861743377786e-14,210
2.304000580902214e-35,3409314.627277931,97.84170289288528,69.28390985922263,18463.971469001914,1.6955603587831547e-11,-1.525790604972599e-11,1.36067453600693e-13,211
2.851196636067083e-36,3423367.131693062,97.86115627430911,68.93371476432642,18501.9886102911,1.6909640354612065e-11,-1.513178471412857e-11,1.3825424215956833e-13,212
6.837836695036467e-35,1410209.2751605401,97.88593099088835,71.75015075875872,11874.714541841737,1.7457868484171968e-11,-1.5204726366846444e-11,1.4848376579205496e-13,213
2.4209954982293157e-34,1475049.4760325458,97.90647644124287,71.69682558683657,12144.661412894822,1.760536161299342e-11,-1.579147923536084e-11,1.4023793507628786e-13,214
2.9823499944305026e-34,1025276.9001948315,97.92856402552624,73.72688002678537,10124.988712185175,1.862526799456532e-11,-1.8082535468977312e-11,2.157953464840576e-13,215
2.473300342982162e-35,2902184.6728633414,97.94965733104823,70.46988090099484,17035.413470227457,1.940908544995068e-11,-1.8242740651430722e-11,2.5054614632979975e-13,216
3.046980366427206e-35,2894152.7449915195,97.96832782242777,70.71865925906168,17011.824004432117,2.3218038602834667e-11,-1.832733964590716e-11,2.4411490575884345e-13,217
1.8674503472132944e-35,2010750.5893615668,97.99029781333331,72.70499582457319,14179.64638789113,2.3097468382360375e-11,-1.810673833091414e-11,2.3437658449834387e-13,218
2.5029262943908875e-35,3928825.63534517,98.01185508139831,69.88544674164127,19820.926747541842,2.4426960454349e-11,-1.948496919368381e-11,2.277696222216827e-13,219
7.619921667715243e-36,3861975.3356434708,98.03196776566472,70.19617830775974,19651.568979014006,2.3878288235579248e-11,-1.9651280602772658e-11,2.4622287522911724e-13,220
9.105863357568571e-36,5361435.774701507,98.05331479942473,68.95490702313583,23154.47506890793,2.2257307108475288e-11,-2.0428436720010268e-11,2.1234625362088878e-13,221
6.233413877458389e-33,6690271.8429904785,98.07417459246201,67.76390260751373,25865.285112211463,2.2753687822785196e-11,-1.9486634528220748e-11,1.1724226335145065e-13,222
6.333038622010837e-33,2903443.9254335854,98.09532668076015,73.05130387532049,17039.11617315836,2.0203227979465055e-11,-2.0331958339170342e-11,1.2537108600502783e-13,223
6.171472665698317e-33,9585159.552811844,98.11368500794964,66.65727279091082,30959.673089704287,2.0841772752078214e-11,-2.127764631154605e-11,1.447855550729127e-13,224
5.907487715771304e-33,11603275.09806689,98.1402818498843,65.57579077928037,34063.361046460384,2.2830515256089257e-11,-2.255573505749453e-11,1.5508345764988127e-13,225
4.899005916867045e-33,12771725.487196641,98.16005772698608,64.8874645802723,35737.33917359026,2.319788805493772e-11,-2.2824742096361206e-11,1.480688796881877e-13,226
4.855521881896805e-33,7116947.673572381,98.18248861123178,69.50655608122679,26677.345187615447,2.3599788789852028e-11,-2.291322687142383e-11,1.4357112528161507e-13,227
4.790654136245851e-33,16779427.663775932,98.20776900564465,62.70415756503623,40962.50570163526,3.066330522827343e-11,-2.4198254511276218e-11,1.4762444546111296e-13,228
4.8877066463365806e-33,20335409.65847931,98.2298666764369,60.82108241534828,45094.61730958762,3.042532892294503e-11,-2.4097390749489023e-11,1.2729038502258384e-13,229
4.1741777492302675e-33,16388987.531393073,98.25252350407806,63.45034036865444,40483.11975401723,3.04380687321526e-11,-2.4043766977399628e-11,1.2928620943881204e-13,230
4.6557482932236116e-33,8995294.575792855,98.27647116222029,68.39856418886477,29991.915095264434,3.055866670820251e-11,-2.430999845870474e-11,1.272332181741683e-13,231
4.6952758028595896e-33,8977998.786558827,98.29725612552201,68.99482723103326,29963.070154612367,3.083411304061201e-11,-2.420186273610625e-11,1.2692556303823327e-13,232
2.072286308702606e-33,9032087.809905356,98.31934259672434,69.06364757868172,30053.193182214476,3.132186177090546e-11,-2.7827073978414774e-11,2.0042344327385485e-13,233
6.264481001162244e-33,10077333.585053714,98.34463267353615,67.2700145062143,31744.588507661334,3.214647992244579e-11,-2.9260593947810776e-11,3.139349467113423e-13,234
8.166906917165722e-33,10549762.071723342,98.36786816046863,67.22657860362415,32480.17686200203,3.611755339250067e-11,-3.020916850005051e-11,3.9067470516345675e-13,235
5.53649723209356e-33,11015188.283093631,98.38973863929309,66.83564994947822,33188.92145488033,3.677780302524525e-11,-3.087219369035665e-11,4.0697342101264017e-13,236
4.938595249507679e-33,10951878.484404316,98.41194627937688,67.24826460805805,33093.40444047649,5.577663331202132e-11,-4.9758863696069966e-11,2.5914010328019643e-13,237
8.650712732397673e-33,11082013.46899581,98.43946641259922,67.3748072254849,33289.4401599383,5.385872303698136e-11,-5.089506593947135e-11,2.2281882357718294e-13,238
7.048531555403089e-33,8528156.567806901,98.46081734755393,70.01490368380729,29202.76690257775,1.3198947490522528e-10,-1.4305923112800656e-10,6.662375897883679e-14,239
1.357478666749701e-32,7481641.555997372,98.48649507859929,71.80084454933134,27352.336007396814,4.4804085441718655e-10,-3.7510716754951545e-10,-3.3431744043657364e-12,240
1.2192528301631932e-32,7226963.191013019,98.50793901472034,72.17193624055605,26882.754970295213,4.399980102487433e-10,-3.7691186283161926e-10,-3.2371353302393687e-12,241
1.347531303360599e-32,8367126.574721591,98.52678368150745,71.24035056912595,28925.742805478283,4.046410151392621e-10,-3.8594222262489097e-10,-3.397356082799711e-12,242
2.712089325022754e-33,7707206.957186142,98.55110496791563,72.03551044427937,27761.606310510913,4.676268261505356e-10,-3.860898822871661e-10,-2.4277363819115285e-12,243
2.7975132077779337e-33,3268392.045433578,98.57846075865476,77.25707673959656,18078.34474111486,4.668428421616966e-10,-3.848884266854924e-10,-2.4069154308525854e-12,244
4.288009745582226e-33,5561344.448323768,98.60256857397081,74.57953711347326,23582.220577950135,4.50563128473469e-10,-3.97629179582637e-10,-2.551680117202082e-12,245
4.553932747239018e-33,5599855.18672652,98.62422038733234,74.69839277690264,23663.73483599648,4.5414522142905867e-10,-3.9708264454318964e-10,-2.6788054490683383e-12,246
4.5390982172440585e-33,3204084.9744202285,98.6509555107672,77.48165526326945,17899.611509760904,4.590498259293696e-10,-3.92473720189912e-10,-2.6743750308446915e-12,247
3.654215849162055e-33,3909090.5387813197,98.67680521587994,76.95447368585968,19771.09912143585,4.5740258802773326e-10,-3.9306197185950964e-10,-2.64538244704799e-12,248
1.901493947142518e-33,4690150.031756106,98.7023522571931,76.15242254383313,21656.455819756346,4.560074956527771e-10,-3.925202107790682e-10,-2.5724614934361265e-12,249
1.855138752199596e-33,4711127.574388564,98.72630123403323,75.98947189658799,21704.835175711018,4.5663700598552737e-10,-3.8901540322378025e-10,-2.510501471060985e-12,250
1.692261753172158e-33,741873.0308901496,98.74869959223987,82.37643733781192,8612.547924133038,4.603147585324763e-10,-3.8721537087837987e-10,-2.5700822122504745e-12,251
1.7282661506504694e-33,239718.08920899266,98.77136873911557,85.14531772954392,4894.977713686632,4.5678399951398774e-10,-3.838457607319157e-10,-2.5753179565731382e-12,252
1.6258699182866592e-34,97465.71580747124,98.80109641676063,86.08138775205768,3120.2197813666435,4.5479213450771994e-10,-3.8400124746651443e-10,-2.488462256471862e-12,253
3.2766668325555234e-35,823335.5325091166,98.82734638228774,82.79176406896435,9073.239444070263,4.5887377231323967e-10,-3.898157074910813e-10,-2.4521901041376882e-12,254
4.4402542551224827e-35,637780.4469749425,98.86441965122611,83.85237498605036,7985.497831390884,4.585094248721333e-10,-3.898558698089971e-10,-2.452076938487998e-12,255
8.27611566495948e-34,171876.64527810493,98.88974118882206,86.44846366633688,4144.573759341976,4.102108097647772e-10,-3.851086671780024e-10,-2.8239503771664164e-12,256
6.12620552874137e-34,558133.0314477662,98.91473291783515,84.63502802822298,7470.074900851527,4.1755007784693987e-10,-3.866116038420131e-10,-2.7657110725837826e-12,257
1.4867966678174058e-32,856271.7197402876,98.93980742599635,84.08704887207432,9252.8737886883,4.228496164326856e-10,-3.969531092717915e-10,-4.20789784960629e-12,258
1.5146644269673088e-32,1245673.363432068,98.97126611479416,83.38646636330856,11160.448907196846,4.341602632962349e-10,-4.041281753686121e-10,-4.5291233051778266e-12,259
9.799522101458643e-33,144166.24321183685,98.99953157764078,87.35335289107684,3795.5153722153846,4.2519815446340203e-10,-4.197309166897867e-10,-4.189022373578421e-12,260
3.236479953547782e-32,144637.474842355,99.02747222901547,87.38914365650837,3801.7040261729203,4.373519324474273e-10,-4.4220627160029835e-10,-4.933962621183557e-12,261
2.0082992367415566e-32,103425.68422748079,99.05305130912882,87.99410431908788,3214.3263236899465,4.339389958474271e-10,-4.3385384174143837e-10,-5.622791503234748e-12,262
2.100772937001305e-32,46887.18653504877,99.0815261014751,89.22709578298857,2162.9481334428315,4.232898476175251e-10,-4.437732403772543e-10,-5.829334312710636e-12,263
1.7877903709708514e-32,1114577.6738633914,99.10936438140789,84.86366620552012,10556.907513757998,4.600168024282425e-10,-5.533794533718606e-10,-5.600424219669319e-12,264
1.5488491303705292e-32,1275512.7994759867,99.1411913146602,84.62676667650065,11293.443421031718,4.861175906256676e-10,-5.661459634431765e-10,-5.757255339904837e-12,265
1.7967382729006058e-34,1298195.6375269932,99.17211793201855,85.12035582674739,11393.429936715966,5.385056844886549e-10,-5.355869081569153e-10,-2.8403827129825428e-12,266
9.88174987033865e-34,296490.95966614794,99.20370291232932,88.43270152884685,5444.195759296734,5.105302847141502e-10,-5.297280392113635e-10,-2.4510893430658894e-12,267
1.2111098277958723e-33,349982.1232651001,99.23137907808393,88.24257916608478,5915.092925698981,5.104217049023418e-10,-5.301823979841913e-10,-2.449997706639574e-12,268
6.150695609498829e-34,307937.6580152733,99.2594736465,89.47661149028954,5548.341329803072,4.885049587066703e-10,-5.064527131004581e-10,-1.984827994476622e-12,269
6.7203773219111745e-34,2407654.372697205,99.28959024769034,84.94971934198954,15516.334165754268,4.889734728230621e-10,-5.05482433688087e-10,-2.006975696744462e-12,270
4.670053249779969e-34,2432575.8412495526,99.31829800443177,84.75524764968439,15596.4381847562,4.833597966324987e-10,-5.142100079069678e-10,-1.985143538749432e-12,271
8.800966764184459e-36,971145.216444887,99.34606313014183,88.33743052678042,9854.199867485337,4.827255817296816e-10,-5.044785145180697e-10,-1.840559757073892e-12,272
2.2408682079175353e-33,998224.0969688727,99.37613653480935,88.50829364402219,9990.656824383748,4.817551357838568e-10,-5.0464804557393e-10,-1.9385133197732015e-12,273
2.867865581020946e-33,1080556.4143171785,99.40071163641025,88.54842735029038,10394.541882543595,4.903181194393369e-10,-4.842837242335918e-10,-2.1755369535180077e-12,274
1.081096014897028e-33,2429409.732193271,99.4274391053368,86.27388995513772,15586.285240683956,4.910483131226329e-10,-4.96548857586987e-10,-1.858241473504416e-12,275
1.7682225429528332e-33,4050179.086259854,99.45704462826797,84.01265108232114,20124.85288454428,4.3416636952287035e-10,-5.224460863928471e-10,-2.008357297982198e-12,276
1.602164877034463e-33,4330052.96492318,99.49055203852484,84.42842665778724,20808.582428528814,4.3250869552480253e-10,-5.186896190334522e-10,-1.5682485634179363e-12,277
2.981307977896554e-32,2158678.801410477,99.52156467912684,87.32583424772008,14692.141106908417,7.145939950881086e-10,-8.051620481452915e-10,-4.615271681419126e-12,278
3.4320439773395605e-32,2557220.1666221395,99.5598747710923,87.06304302584718,15991.037636180654,7.133150181637404e-10,-8.037087662060571e-10,-4.619241669337779e-12,279
3.507075814228298e-32,3979519.388085971,99.5936411905104,85.62986973648762,19948.52400993094,7.178155847498147e-10,-8.113711924551126e-10,-4.664913332162889e-12,280
5.194578606367789e-32,3693088.846612692,99.6287046448017,86.26637329295234,19217.192989818413,7.714329175456669e-10,-8.448180488507262e-10,-5.898091754580337e-12,281
4.1701723569538287e-32,404313.76040026575,99.65916640733737,92.8332485936724,6357.820874363258,7.743830021667009e-10,-8.448928778825859e-10,-5.839710424331784e-12,282
3.0524382324205416e-32,1267304.3576142811,99.6969391031167,90.67813528527992,11257.060727627495,7.846189253868374e-10,-8.491075620398192e-10,-5.785908681178577e-12,283
3.299131075188875e-32,458293.5446198159,99.7461889136988,93.11658517645573,6769.034421824756,7.806690294209773e-10,-8.525500305722744e-10,-5.815621818992965e-12,284
1.4790948276315336e-32,59970.758151654445,99.7876218591425,95.73075534947844,2446.8617187507693,7.868102280816913e-10,-8.322597611076787e-10,-6.4226513228164236e-12,285
4.678690072560971e-33,37521.74696677537,99.83719996562714,96.54929588337522,1934.4763410748064,7.866519102783798e-10,-8.326933587099461e-10,-6.420374679436433e-12,286
9.076874035426276e-34,3604.205387488444,99.91817349940345,98.3270927919998,591.885799173018,8.771668391638343e-10,-8.568486475901693e-10,-6.231767630861714e-12,287
1.006772245113908e-32,100.00000000270725,99.99999999994897,99.99999999807238,2.7101909998201875e-06,8.444828725195919e-10,-8.360558356734771e-10,-5.942517835835461e-12,288
7.039947962620691e-32,100.00000000282134,99.99999999995185,99.99999999804174,2.7371099295678695e-06,9.352804086759647e-10,-9.222085317617257e-10,-6.45299146293891e-12,289
6.176791927553215e-32,100.00000000280164,99.99999999995222,99.99999999805458,2.7185167411768905e-06,9.257802857653985e-10,-9.193182326505678e-10,-6.373313285302897e-12,290
9.19087018300403e-34,100.00000000226224,99.99999999995502,99.99999999836581,2.198848688787265e-06,1.151877759841824e-09,-1.1515435272002605e-09,-8.115652440200528e-12,291
4.965450998037425e-32,100.0000000020555,99.99999999995445,99.999999998457,1.978385546110143e-06,1.1374498565253077e-09,-1.1347708883668872e-09,-7.939430954879824e-12,292
1.485462458746105e-31,100.00000000206049,99.9999999999554,99.99999999847347,1.980194519802499e-06,1.1183378667567467e-09,-1.1153828416432532e-09,-7.829843750599572e-12,293
1.3849707738143278e-31,100.00000000206275,99.99999999995556,99.99999999847265,1.990364005881918e-06,1.1072374128673346e-09,-1.107070712880187e-09,-7.914245688199021e-12,294
1.5021678916715022e-31,100.0000000020412,99.99999999995559,99.99999999848318,1.9692384138677925e-06,1.1071691896624714e-09,-1.1070917516065037e-09,-7.913637330313348e-12,295
1.4955855900525449e-31,100.00000000204675,99.99999999995558,99.99999999847908,1.9727370580705656e-06,1.1147187062299224e-09,-1.1177421765928841e-09,-7.942501860677994e-12,296
1.5659085345894105e-31,100.00000000205225,99.99999999995558,99.9999999984774,1.975472408163888e-06,1.115242120874882e-09,-1.1195939730868076e-09,-7.960759867667003e-12,297
6.648461432754996e-32,100.00000000197808,99.99999999995723,99.99999999854705,1.9290189832557082e-06,9.780881105037054e-10,-9.875629758404614e-10,-7.216124478438064e-12,298
6.860775784430077e-32,100.00000000200423,99.99999999995725,99.99999999853459,1.9582442088924805e-06,9.781616627790868e-10,-9.858379113047988e-10,-7.183059012563467e-12,299
6.601480608753997e-32,100.00000000200868,99.99999999995731,99.99999999853274,1.9644376445975135e-06,9.814847823363948e-10,-9.852547111499632e-10,-7.2017315702764695e-12,300
6.1915402420857e-32,100.00000000201162,99.99999999995734,99.99999999853134,1.9665620961867404e-06,9.780699583572527e-10,-9.80868886113484e-10,-7.1895001352758245e-12,301
6.43935969816231e-32,100.00000000202662,99.99999999995734,99.99999999852429,1.9806167933971072e-06,9.80909686809639e-10,-9.827150759811332e-10,-7.197145454838442e-12,302
6.422275348235036e-32,100.00000000204558,99.99999999995734,99.99999999851399,2.0026038231601554e-06,9.833585057350547e-10,-9.829585478904335e-10,-7.139122273671269e-12,303
6.024393230454709e-32,100.00000000206161,99.99999999995735,99.99999999850432,2.020175743593545e-06,9.856660487805868e-10,-9.818351687229665e-10,-7.169682571405032e-12,304
5.581101762929191e-32,100.00000000204105,99.99999999995735,99.99999999851498,1.9961091351592727e-06,9.767820996486876e-10,-9.810852685809834e-10,-7.0596546008741235e-12,305
5.791208978999664e-32,100.00000000205384,99.99999999995735,99.99999999850891,2.009066773776264e-06,9.735861006276991e-10,-9.815775969812535e-10,-7.033357854457911e-12,306
5.61319083584839e-32,100.00000000206293,99.9999999999574,99.99999999850489,2.018839387040653e-06,9.744473006279009e-10,-9.810977585900105e-10,-7.0291157655246984e-12,307
5.8207533176665e-32,100.00000000208438,99.99999999995745,99.99999999849484,2.0408036961731376e-06,9.76691727494483e-10,-9.83078951577454e-10,-7.039662146037425e-12,308
5.276229951861824e-32,100.00000000208478,99.9999999999575,99.99999999849587,2.041638632827296e-06,9.861819694201301e-10,-9.84601011833064e-10,-6.934040149548916e-12,309
3.042707502531045e-32,100.00000000211311,99.99999999995754,99.99999999848141,2.073083641027542e-06,9.86072945519112e-10,-9.857227811771452e-10,-6.861856166221234e-12,310
4.2246780275673975e-32,100.00000000247434,99.99999999996025,99.99999999831952,2.4418459113847464e-06,9.774790976635472e-10,-9.77770198140604e-10,-6.8081857840395096e-12,311
4.0482925933667295e-32,100.0000000024096,99.99999999996027,99.99999999835191,2.3765189647221187e-06,9.812785584095707e-10,-9.764097863573795e-10,-6.837521052821538e-12,312
3.2879162053900236e-32,100.00000000240897,99.99999999996028,99.99999999835212,2.3744943714852418e-06,9.836993997147658e-10,-9.76694614074347e-10,-6.879279624730536e-12,313
3.222779324897677e-32,100.00000000240017,99.99999999996034,99.99999999835694,2.365134307425913e-06,9.78441827559351e-10,-9.746550233558082e-10,-6.8658341338678766e-12,314
3.2136246645284067e-32,100.00000000240185,99.99999999996034,99.99999999835623,2.365716606605915e-06,9.784725252259818e-10,-9.742612272489737e-10,-6.8685335833281365e-12,315
3.4874718202476637e-32,100.00000000240281,99.99999999996035,99.99999999835583,2.3658524991825566e-06,9.827181846056021e-10,-9.704740344673723e-10,-6.7917620119749436e-12,316
3.020450578018675e-32,100.00000000239741,99.99999999996037,99.99999999835853,2.361138007535652e-06,9.812520795904334e-10,-9.687756152843008e-10,-6.810008087921377e-12,317
3.073358954664011e-32,100.00000000239805,99.9999999999604,99.99999999835882,2.361129128454316e-06,9.81225822815901e-10,-9.687731172824954e-10,-6.8099713888825075e-12,318
3.156255568928306e-32,100.00000000239315,99.99999999996041,99.99999999836172,2.3556350393031994e-06,9.773735154539054e-10,-9.672196377152886e-10,-6.876804750644006e-12,319
3.210355438301331e-32,100.0000000023853,99.99999999996042,99.99999999836554,2.347997540692818e-06,9.77563752169175e-10,-9.675972800771149e-10,-6.865496454523513e-12,320
3.0786173110062084e-32,100.00000000240983,99.99999999996042,99.9999999983528,2.3735437773119776e-06,9.77002090341017e-10,-9.676066059505217e-10,-6.877844035043286e-12,321
2.6728283220984493e-32,100.00000000241572,99.99999999996042,99.9999999983497,2.379809697026509e-06,9.800024680650665e-10,-9.677611489955495e-10,-6.914279494245489e-12,322
2.6478504385495873e-32,100.00000000240532,99.99999999996044,99.99999999835475,2.370382456227247e-06,9.800223410572073e-10,-9.67182056665905e-10,-6.916105741732058e-12,323
2.648945174414414e-32,100.00000000240378,99.99999999996044,99.99999999835578,2.3693630641222755e-06,9.788374555341761e-10,-9.668492673142737e-10,-6.9162103205005424e-12,324
2.489849191406068e-32,100.00000000240821,99.99999999996044,99.99999999835414,2.373708764397157e-06,9.783972521049122e-10,-9.67368296578286e-10,-6.9225130199894e-12,325
2.529830104550234e-32,100.00000000240819,99.99999999996045,99.99999999835498,2.3727879615610922e-06,9.78488179370629e-10,-9.670892975321976e-10,-6.924422194968002e-12,326
2.3606037716344793e-32,100.00000000241045,99.99999999996044,99.99999999835485,2.3734684937139863e-06,9.777028076030092e-10,-9.643964515859693e-10,-6.889354066011741e-12,327
2.667466626677115e-32,100.00000000241015,99.99999999996045,99.99999999835512,2.374249906946608e-06,9.77908698462926e-10,-9.644592346980119e-10,-6.894468109845213e-12,328
2.687798753107681e-32,100.00000000242116,99.99999999996047,99.9999999983495,2.3857744386101427e-06,9.771559117410789e-10,-9.641671905313842e-10,-6.896978212310599e-12,329
2.707377046339399e-32,100.00000000239794,99.99999999996047,99.99999999836105,2.3627976738527453e-06,9.773001297119777e-10,-9.635321984724499e-10,-6.881723942626773e-12,330
2.7504504721938683e-32,100.00000000238569,99.99999999996047,99.99999999836703,2.350258747950837e-06,9.781943033360108e-10,-9.621537455650753e-10,-6.883253251713548e-12,331
2.8707833242707106e-32,100.00000000237776,99.99999999996048,99.99999999837031,2.342109042236551e-06,9.764017927516022e-10,-9.612698970151712e-10,-6.891859139706518e-12,332
2.7075127348017027e-32,100.00000000235553,99.99999999996048,99.99999999838134,2.319875358033185e-06,9.772107567584953e-10,-9.618668639355121e-10,-6.907238943618419e-12,333
2.7105923765359687e-32,100.00000000235941,99.99999999996048,99.99999999837942,2.323675524201321e-06,9.772189724088776e-10,-9.619647300951328e-10,-6.9071385069841e-12,334
2.5273191012193065e-32,100.00000000235936,99.9999999999605,99.9999999983792,2.3249690507207297e-06,9.782525900448036e-10,-9.60980628406105e-10,-6.89550308056545e-12,335
2.607031769165858e-32,100.00000000235882,99.9999999999605,99.99999999837961,2.324328913291787e-06,9.785910970450118e-10,-9.609499862506254e-10,-6.890258041979896e-12,336
2.6238132787824733e-32,100.0000000023596,99.9999999999605,99.99999999837884,2.3258931341939133e-06,9.797408440093136e-10,-9.609981699298942e-10,-6.903982728876132e-12,337
2.5891375398099496e-32,100.00000000234888,99.9999999999605,99.99999999838445,2.3145405059715115e-06,9.79054171068583e-10,-9.609448792247122e-10,-6.899880749703133e-12,338
2.678466860670104e-32,100.00000000235026,99.99999999996051,99.99999999838344,2.3166931106320157e-06,9.782933907409586e-10,-9.60941493044487e-10,-6.8984206503006385e-12,339
2.797988330178987e-32,100.0000000023563,99.99999999996052,99.99999999838016,2.3227304265037282e-06,9.750984464318435e-10,-9.592834304683606e-10,-6.868257779642691e-12,340
2.804576569791284e-32,100.00000000235755,99.99999999996054,99.99999999837965,2.3242026857366836e-06,9.750893981141928e-10,-9.592736049945927e-10,-6.8681546445496325e-12,341
2.9656215140231707e-32,100.00000000235495,99.99999999996054,99.99999999838118,2.320607151568605e-06,9.757266106191764e-10,-9.596924921417838e-10,-6.854786048196251e-12,342
2.7897174113763864e-32,100.00000000237664,99.99999999996052,99.9999999983712,2.3421877306571374e-06,9.756212504541395e-10,-9.602152961640797e-10,-6.835487633092644e-12,343
2.9656177879345587e-32,100.00000000238326,99.99999999996052,99.9999999983677,2.3488176830343656e-06,9.75575786821281e-10,-9.601895389899084e-10,-6.8357608520401106e-12,344
2.857172802688976e-32,100.00000000238431,99.99999999996054,99.99999999836727,2.348917853715047e-06,9.764378194887513e-10,-9.601704431538849e-10,-6.828147214310576e-12,345
2.7715448138480686e-32,100.00000000238,99.99999999996054,99.99999999836945,2.3452220613142703e-06,9.77795178158658e-10,-9.610868212384105e-10,-6.8092964330351214e-12,346
2.693929576093235e-32,100.00000000237766,99.99999999996054,99.99999999837041,2.3433523418098004e-06,9.774131504158845e-10,-9.613450591139383e-10,-6.8058486604892655e-12,347
2.6954745162895034e-32,100.00000000238553,99.99999999996054,99.9999999983666,2.349151696626368e-06,9.7724522918341e-10,-9.613287943466275e-10,-6.8063445177025796e-12,348
2.6730435787232715e-32,100.00000000238609,99.99999999996054,99.99999999836602,2.3502870804112933e-06,9.773839515503369e-10,-9.613024265497927e-10,-6.805937061997601e-12,349
2.670175419275803e-32,100.00000000240665,99.99999999996054,99.9999999983557,2.371309239882233e-06,9.770152464838588e-10,-9.611212381521739e-10,-6.8079314620131086e-12,350
2.658121606608017e-32,100.00000000242306,99.99999999996055,99.99999999834749,2.3869299567104415e-06,9.7664559772781e-10,-9.611992313196538e-10,-6.8084863904157205e-12,351
2.432404599261065e-32,100.00000000241859,99.99999999996056,99.99999999834994,2.3824490547468164e-06,9.766262243360302e-10,-9.614640750221781e-10,-6.806396910206495e-12,352
2.420080995879142e-32,100.0000000024304,99.99999999996056,99.99999999834431,2.395864950603492e-06,9.763080344171726e-10,-9.613540519204378e-10,-6.8033226313348985e-12,353
2.4235785499073323e-32,100.00000000241899,99.99999999996056,99.99999999834937,2.384415530184192e-06,9.767718300857098e-10,-9.631272446242178e-10,-6.805802397341632e-12,354
2.2331313601705687e-32,100.0000000024186,99.9999999999606,99.99999999834964,2.3845805496304585e-06,9.769900444211999e-10,-9.63440771606372e-10,-6.827482267817647e-12,355
2.0451820227256959e-32,100.00000000241813,99.99999999996058,99.99999999835008,2.3846074847828842e-06,9.770294018274228e-10,-9.633781550277831e-10,-6.828703137287981e-12,356
2.08595953663206e-32,100.00000000241883,99.9999999999606,99.99999999834961,2.38708050826512e-06,9.761118024975701e-10,-9.633835951206038e-10,-6.841447493398533e-12,357
1.9072067469952397e-32,100.00000000241724,99.9999999999606,99.99999999835033,2.3845850505302183e-06,9.762122221701475e-10,-9.640975795477402e-10,-6.80853577221067e-12,358
1.8829174098511064e-32,100.00000000241889,99.9999999999606,99.9999999983498,2.3861975097540163e-06,9.76025815724313e-10,-9.6392444026705e-10,-6.809480672233094e-12,359
2.1546889262238444e-32,100.00000000241592,99.9999999999606,99.9999999983515,2.383573723636184e-06,9.755792285126574e-10,-9.638518316812394e-10,-6.800101822298757e-12,360
2.010875709647707e-32,100.00000000241832,99.9999999999606,99.99999999835075,2.3848106379723044e-06,9.754881902246382e-10,-9.637220466096608e-10,-6.805206381049756e-12,361
1.89428330380587e-32,100.00000000242633,99.99999999996061,99.99999999834687,2.3915951216528876e-06,9.760061092656258e-10,-9.635952591402486e-10,-6.786731231013378e-12,362
2.006080388180039e-32,100.00000000241909,99.99999999996062,99.99999999835072,2.3856242576879715e-06,9.736632056167593e-10,-9.633951969512111e-10,-6.808087259455957e-12,363
1.9388269960111026e-32,100.00000000241823,99.99999999996062,99.99999999835113,2.38492790267569e-06,9.736395578663348e-10,-9.63409074739019e-10,-6.8064307488791e-12,364
1.9777724923764891e-32,100.00000000242039,99.99999999996062,99.9999999983502,2.387177173654875e-06,9.734911210479424e-10,-9.634860131946255e-10,-6.8182321208729335e-12,365
1.9314972153831934e-32,100.00000000242238,99.99999999996061,99.99999999834922,2.3889145550997463e-06,9.734308359377053e-10,-9.634396058721961e-10,-6.816765849709805e-12,366
1.977333257018891e-32,100.00000000244428,99.99999999996064,99.99999999833848,2.4096468249958446e-06,9.727331717890308e-10,-9.629940178612628e-10,-6.798200297450683e-12,367
2.000938200781171e-32,100.00000000243949,99.99999999996064,99.99999999834056,2.405371174662176e-06,9.728288175026023e-10,-9.628104979952923e-10,-6.789743241022069e-12,368
1.8859641380013084e-32,100.00000000244926,99.99999999996064,99.99999999833592,2.4138643236732702e-06,9.745781959225042e-10,-9.632751818422491e-10,-6.801854207187189e-12,369
1.842531987007779e-32,100.0000000024521,99.99999999996064,99.99999999833479,2.417106577613062e-06,9.74775704598585e-10,-9.6320623699242e-10,-6.799866782687526e-12,370
1.891970658807049e-32,100.00000000244687,99.99999999996064,99.99999999833761,2.4115495295271633e-06,9.744117734911129e-10,-9.614997131812686e-10,-6.7812587297032425e-12,371
1.885594394836569e-32,100.00000000243782,99.99999999996064,99.99999999834208,2.402115590710024e-06,9.756495611412674e-10,-9.615207519075852e-10,-6.78366467551619e-12,372
1.838758966451674e-32,100.00000000243628,99.99999999996064,99.99999999834263,2.4018331773138274e-06,9.746965456969292e-10,-9.615961360509573e-10,-6.770610401419303e-12,373
1.8393522897036488e-32,100.00000000242724,99.99999999996064,99.99999999834684,2.3955926528301677e-06,9.735912076536124e-10,-9.615923057815223e-10,-6.766793626205519e-12,374
1.6632606234627897e-32,100.00000000242854,99.99999999996065,99.99999999834642,2.3987871947461227e-06,9.733325256888747e-10,-9.61404733601512e-10,-6.763279328941829e-12,375
1.629694389040371e-32,100.00000000243183,99.99999999996065,99.99999999834498,2.4017043253269286e-06,9.731359607023649e-10,-9.62124158121469e-10,-6.769144091706764e-12,376
1.6279744369693627e-32,100.00000000243953,99.99999999996066,99.99999999834107,2.4093043521006598e-06,9.731377925703555e-10,-9.617159846264656e-10,-6.772028882878139e-12,377
1.6606685755594875e-32,100.00000000245036,99.99999999996068,99.99999999833545,2.4205706455543423e-06,9.742314177607625e-10,-9.618690288704101e-10,-6.757168927405225e-12,378
1.696987944327521e-32,100.00000000245063,99.99999999996068,99.99999999833521,2.4210950269058517e-06,9.738651551849387e-10,-9.620801932896939e-10,-6.718064160526893e-12,379
1.7506467346017755e-32,100.00000000245221,99.99999999996068,99.9999999983343,2.4238022172917125e-06,9.718912341583064e-10,-9.615713780775081e-10,-6.727297619431768e-12,380
1.7321255290478133e-32,100.00000000243628,99.99999999996068,99.99999999834202,2.407586918351113e-06,9.723324922994436e-10,-9.616009100099632e-10,-6.7291662076634446e-12,381
1.786210760226976e-32,100.00000000243644,99.99999999996068,99.99999999834208,2.407740317281638e-06,9.718896243349207e-10,-9.620118590625282e-10,-6.7136336652044254e-12,382
1.8513101776109718e-32,100.00000000243723,99.99999999996066,99.99999999834164,2.4069205169270124e-06,9.71749292144608e-10,-9.620989005476588e-10,-6.713041787191775e-12,383
1.9120521096671354e-32,100.00000000243018,99.99999999996068,99.99999999834539,2.3998265436139804e-06,9.731632166776194e-10,-9.652047494590477e-10,-6.7196613319960485e-12,384
1.9162513158545763e-32,100.0000000024349,99.99999999996068,99.99999999834239,2.4047393350378853e-06,9.732027961284473e-10,-9.6525309967177e-10,-6.717698837400205e-12,385
2.032506956565359e-32,100.00000000243357,99.99999999996068,99.9999999983429,2.403700162148088e-06,9.739587469859146e-10,-9.657509791871632e-10,-6.711406951021015e-12,386
2.051642710654913e-32,100.00000000242804,99.99999999996069,99.99999999834547,2.3999922802283265e-06,9.766474295958005e-10,-9.657526445217002e-10,-6.688708861471129e-12,387
2.0655426380720045e-32,100.00000000242821,99.99999999996068,99.9999999983453,2.400047755313534e-06,9.766464303950784e-10,-9.657611377278386e-10,-6.688402021655227e-12,388
2.0283479380119932e-32,100.00000000242808,99.99999999996069,99.99999999834544,2.3998212597583867e-06,9.7551983158084e-10,-9.657327160184082e-10,-6.692932986379012e-12,389
2.1733932741952126e-32,100.00000000242865,99.99999999996069,99.99999999834489,2.401957695406329e-06,9.75493408272854e-10,-9.657069033330856e-10,-6.692688910785943e-12,390
2.1713198766977364e-32,100.00000000245979,99.99999999996069,99.99999999832899,2.434499543756338e-06,9.780352638877332e-10,-9.665815925430365e-10,-6.690940180381633e-12,391
2.1727205785101338e-32,100.00000000246074,99.99999999996069,99.99999999832832,2.434813438487753e-06,9.785422472319283e-10,-9.669920419952405e-10,-6.6918987114756364e-12,392
2.199735939790271e-32,100.00000000245187,99.99999999996069,99.99999999833248,2.429480190144871e-06,9.784032473092452e-10,-9.669167688741709e-10,-6.699346234012582e-12,393
2.137405471272498e-32,100.00000000245578,99.9999999999607,99.9999999983304,2.433376058890721e-06,9.778067244781141e-10,-9.65828472754282e-10,-6.710843967719063e-12,394
2.1713853334863714e-32,100.00000000245846,99.9999999999607,99.99999999832922,2.434945186987292e-06,9.768278408373021e-10,-9.659031907638393e-10,-6.716491053527291e-12,395
2.1499064295535675e-32,100.00000000246322,99.99999999996072,99.99999999832723,2.4395220270749375e-06,9.766898956264924e-10,-9.660006683454014e-10,-6.718027328492557e-12,396
2.1724122945172496e-32,100.00000000246213,99.99999999996075,99.9999999983283,2.437477479294317e-06,9.764248298793632e-10,-9.654773092115931e-10,-6.715606624037769e-12,397
2.160586662056791e-32,100.00000000246767,99.99999999996074,99.9999999983252,2.443090670378915e-06,9.772454512280149e-10,-9.65452329193539e-10,-6.714047331219448e-12,398
2.184244599122273e-32,100.00000000246115,99.99999999996074,99.9999999983285,2.4373717475280444e-06,9.765639408243487e-10,-9.661387800896648e-10,-6.718193767500195e-12,399
2.178220406223094e-32,100.000000002461,99.99999999996075,99.99999999832875,2.4376346041283894e-06,9.76916381123516e-10,-9.66122959411564e-10,-6.71687398409726e-12,400
2.1460848511607062e-32,100.00000000245878,99.99999999996075,99.9999999983297,2.4354683842385942e-06,9.771143893999579e-10,-9.665522826551864e-10,-6.724511375973593e-12,401
2.197784344245712e-32,100.00000000246706,99.99999999996075,99.99999999832545,2.443073637861232e-06,9.770831366218147e-10,-9.66570878890849e-10,-6.727940579268374e-12,402
2.1632697459954e-32,100.00000000247103,99.99999999996075,99.99999999832305,2.446971098397535e-06,9.775423803759509e-10,-9.661727529142183e-10,-6.7332040425447136e-12,403
2.1662604450044423e-32,100.00000000245937,99.99999999996075,99.99999999832893,2.4342108821475466e-06,9.79294201286507e-10,-9.677490475645811e-10,-6.736930386623695e-12,404
2.1649124082083536e-32,100.00000000245747,99.99999999996075,99.9999999983302,2.4317048400036885e-06,9.788739818716863e-10,-9.677448842282388e-10,-6.737434776749041e-12,405
2.168506654474667e-32,100.00000000244903,99.99999999996075,99.99999999833453,2.421972109283839e-06,9.786095267472206e-10,-9.687906032951332e-10,-6.728677318256092e-12,406
2.1747809766777025e-32,100.00000000245076,99.99999999996075,99.99999999833365,2.4224255080062825e-06,9.779644871699134e-10,-9.685993673791415e-10,-6.738548203229685e-12,407
2.2564193731070293e-32,100.0000000024546,99.99999999996075,99.99999999833167,2.4262861858662027e-06,9.77433911586445e-10,-9.684882340543766e-10,-6.741699555865319e-12,408
2.298551955454829e-32,100.0000000024559,99.99999999996075,99.99999999833084,2.42648787242653e-06,9.774575593368695e-10,-9.682487034368137e-10,-6.747007059915772e-12,409
2.2199098012510773e-32,100.00000000246571,99.99999999996075,99.99999999832595,2.4367299773671914e-06,9.780344312204647e-10,-9.689654079103605e-10,-6.7367970095180386e-12,410
2.1040183194737152e-32,100.00000000246605,99.99999999996075,99.9999999983262,2.4354377348866757e-06,9.785845467291665e-10,-9.690038771381637e-10,-6.7632086910018876e-12,411
2.1034176559694975e-32,100.00000000246118,99.99999999996075,99.99999999832858,2.4305096425727513e-06,9.817410218104783e-10,-9.683129853499395e-10,-6.76296528231362e-12,412
2.0977788637499934e-32,100.00000000246797,99.99999999996075,99.99999999832534,2.4390942966031604e-06,9.81731584914769e-10,-9.683560064921437e-10,-6.762481996063095e-12,413
2.0535210162082293e-32,100.0000000024696,99.99999999996075,99.99999999832438,2.4406209049282045e-06,9.814424828391566e-10,-9.68195024153573e-10,-6.781606200597892e-12,414
2.1295349060044784e-32,100.00000000247445,99.99999999996075,99.99999999832183,2.4465219362268203e-06,9.823227231642306e-10,-9.655580224254834e-10,-6.755480646331641e-12,415
2.1564521022192022e-32,100.00000000246945,99.99999999996075,99.99999999832373,2.4421755647918674e-06,9.815496748721841e-10,-9.650803489691384e-10,-6.753670379503227e-12,416
2.3152955617927836e-32,100.00000000246568,99.99999999996076,99.99999999832566,2.439959881946363e-06,9.81190073634508e-10,-9.65091062621326e-10,-6.748861918774872e-12,417
2.3128344442337965e-32,100.00000000247441,99.99999999996076,99.99999999832109,2.4493875523187575e-06,9.8267977088895e-10,-9.653218779881456e-10,-6.747498231448231e-12,418
1.9983445235512836e-32,100.00000000247182,99.99999999996076,99.99999999832245,2.4472236211628705e-06,9.8238761570002e-10,-9.653046140201127e-10,-6.750090987704836e-12,419
1.9022557779049045e-32,100.00000000247599,99.99999999996076,99.99999999832023,2.452719776688823e-06,9.826066627027785e-10,-9.652834642714936e-10,-6.7486301076767775e-12,420
1.940880203005773e-32,100.00000000247493,99.99999999996078,99.99999999832022,2.452253060421826e-06,9.835365855082046e-10,-9.65809987540922e-10,-6.757201567191161e-12,421
1.9946928369613347e-32,100.00000000247287,99.99999999996078,99.99999999832133,2.450682344423364e-06,9.835814940295506e-10,-9.658545074842095e-10,-6.75735102518344e-12,422
1.972364815233695e-32,100.00000000247636,99.99999999996079,99.99999999831957,2.4526260723667027e-06,9.840729897625522e-10,-9.651855981118729e-10,-6.7752362439524005e-12,423
1.944314385060336e-32,100.00000000247849,99.99999999996079,99.99999999831866,2.4535370602341107e-06,9.834353331683587e-10,-9.667046607653162e-10,-6.778938955315228e-12,424
1.9759686095519488e-32,100.0000000024849,99.99999999996079,99.99999999831584,2.461082265016451e-06,9.834753567083965e-10,-9.666997202728567e-10,-6.779689190451589e-12,425
1.9843992342562712e-32,100.00000000248033,99.99999999996079,99.99999999831806,2.4580389626660835e-06,9.836951808672723e-10,-9.675592549385215e-10,-6.777226307159218e-12,426
2.0033547754577272e-32,100.00000000248137,99.99999999996079,99.9999999983176,2.4588142804198605e-06,9.83849224311939e-10,-9.667570632920786e-10,-6.758576613101629e-12,427
2.008345106508434e-32,100.0000000024773,99.99999999996079,99.99999999831945,2.4550826476601163e-06,9.838621028990246e-10,-9.659152366836565e-10,-6.756548210578522e-12,428
2.0805854817871393e-32,100.00000000247817,99.99999999996079,99.99999999831823,2.456079053020254e-06,9.827633706827044e-10,-9.645509946309971e-10,-6.739588079362418e-12,429
1.9931363932982196e-32,100.00000000247766,99.99999999996079,99.99999999831896,2.4555272076422214e-06,9.8257246783362e-10,-9.647015963842875e-10,-6.7349767545373435e-12,430
2.0541616842579744e-32,100.00000000248615,99.99999999996079,99.99999999831466,2.4621052793386835e-06,9.820382285141704e-10,-9.645995113771733e-10,-6.72913903996634e-12,431
2.0377076919750027e-32,100.00000000246996,99.9999999999608,99.99999999832276,2.445795757274645e-06,9.848550308610982e-10,-9.650837906605148e-10,-6.734085019934518e-12,432
2.1054365567910472e-32,100.00000000246699,99.9999999999608,99.99999999832453,2.442596874482192e-06,9.851700566443355e-10,-9.645822474091403e-10,-6.7412512782620095e-12,433
2.1090564605430992e-32,100.00000000247012,99.99999999996082,99.9999999983229,2.446070997271559e-06,9.851231497215451e-10,-9.646840548604985e-10,-6.741829045262918e-12,434
2.0109188375452757e-32,100.00000000246737,99.9999999999608,99.99999999832404,2.4421046445600304e-06,9.851013893502625e-10,-9.646295429099894e-10,-6.740789872656928e-12,435
2.038207937236005e-32,100.00000000246412,99.99999999996082,99.99999999832548,2.4388196983100813e-06,9.852622606665307e-10,-9.643410514570405e-10,-6.7438146386655794e-12,436
2.0095773633495343e-32,100.00000000246241,99.99999999996083,99.99999999832652,2.437557473369841e-06,9.853770022161257e-10,-9.64348600973608e-10,-6.7426169663030595e-12,437
2.0103506577802917e-32,100.00000000246703,99.99999999996082,99.99999999832413,2.441146205396045e-06,9.847526682982277e-10,-9.641955012185122e-10,-6.742724887305441e-12,438
2.0040271770226438e-32,100.00000000246732,99.99999999996083,99.99999999832414,2.4413275895802615e-06,9.84656467473144e-10,-9.643707499229492e-10,-6.7422965744418705e-12,439
2.0830714968841073e-32,100.00000000246877,99.99999999996083,99.99999999832364,2.44324261085377e-06,9.846278237191086e-10,-9.643293386041307e-10,-6.743037526880164e-12,440
2.0194481593091432e-32,100.00000000245836,99.99999999996082,99.99999999832919,2.4322379113887294e-06,9.855503080302697e-10,-9.649604448824789e-10,-6.732409793618826e-12,441
2.0264288077817725e-32,100.00000000246048,99.99999999996082,99.99999999832862,2.4323265836706667e-06,9.856711002953489e-10,-9.649390730892549e-10,-6.733381130827023e-12,442
2.0462023248561417e-32,100.00000000245998,99.99999999996083,99.99999999832865,2.432178510503136e-06,9.857419880354712e-10,-9.646309306887701e-10,-6.736191161198995e-12,443
2.0194015257283715e-32,100.00000000245703,99.99999999996085,99.99999999833015,2.429427244477044e-06,9.863764804940445e-10,-9.643775222833995e-10,-6.7476113199991e-12,444
2.015142260482605e-32,100.00000000245254,99.99999999996085,99.99999999833247,2.4296199361426695e-06,9.867073269553828e-10,-9.647589949146607e-10,-6.748164072287486e-12,445
1.9700216469670054e-32,100.00000000244819,99.99999999996085,99.99999999833483,2.4247742656259563e-06,9.866583106088456e-10,-9.64915092271923e-10,-6.7442069772192e-12,446
1.83913409444571e-32,100.00000000245001,99.99999999996085,99.99999999833393,2.4246582613139955e-06,9.869919881388967e-10,-9.641600851040266e-10,-6.7526314690332285e-12,447
1.8474374873109912e-32,100.00000000243557,99.99999999996085,99.99999999834131,2.409792627410351e-06,9.869828287989435e-10,-9.641328846399233e-10,-6.752458453496146e-12,448
1.869567820407536e-32,100.0000000024353,99.99999999996085,99.99999999834127,2.4113741906793116e-06,9.87039838751258e-10,-9.64038737727435e-10,-6.747055929003561e-12,449
1.8955535108078639e-32,100.00000000243821,99.99999999996085,99.99999999833982,2.4139289722459605e-06,9.868958428249641e-10,-9.6441316044249e-10,-6.745272854929368e-12,450
1.7481984971754919e-32,100.00000000244954,99.99999999996085,99.99999999833436,2.425821883014678e-06,9.868202921481384e-10,-9.641227816103992e-10,-6.75268049231866e-12,451
1.77874533740883e-32,100.00000000245232,99.99999999996085,99.99999999833314,2.4290510240112384e-06,9.87013692999028e-10,-9.641840659213585e-10,-6.753409675621905e-12,452
1.72219896748423e-32,100.00000000246288,99.99999999996085,99.99999999832782,2.4393692293474694e-06,9.875572581918846e-10,-9.644033904798732e-10,-6.766608028140824e-12,453
1.7219652481421782e-32,100.00000000246534,99.99999999996085,99.99999999832706,2.4414729365086064e-06,9.875343875975773e-10,-9.643854048668743e-10,-6.766503917747678e-12,454
1.849861053387385e-32,100.00000000246636,99.99999999996085,99.99999999832686,2.442569324851729e-06,9.898962205490136e-10,-9.647754817265763e-10,-6.7574156686900365e-12,455
1.921492810533636e-32,100.0000000024952,99.99999999996085,99.99999999831195,2.4720357439200865e-06,9.925221755580083e-10,-9.651651700082198e-10,-6.796867453507444e-12,456
2.0470599877409363e-32,100.0000000025002,99.99999999996085,99.99999999830942,2.4778964704778805e-06,9.925129051957526e-10,-9.651619503614484e-10,-6.796894817806543e-12,457
2.0681623330857602e-32,100.000000002492,99.99999999996086,99.99999999831365,2.4682855137156044e-06,9.935491318557865e-10,-9.67058433332113e-10,-6.80540302159311e-12,458
2.0689820927513125e-32,100.0000000024972,99.99999999996086,99.99999999831061,2.4706606331843933e-06,9.938769252038071e-10,-9.686310087353434e-10,-6.8147507621531115e-12,459
2.065194055183317e-32,100.00000000249666,99.99999999996086,99.99999999831115,2.470459879048398e-06,9.93365112389455e-10,-9.687731172824954e-10,-6.816610058049369e-12,460
2.0648575665086127e-32,100.00000000249345,99.99999999996086,99.9999999983121,2.468816550481946e-06,9.93478188604513e-10,-9.683707724583712e-10,-6.8164462596763555e-12,461
2.0276165788700396e-32,100.00000000248247,99.99999999996088,99.9999999983178,2.4578412918354845e-06,9.93961413175981e-10,-9.681461743404896e-10,-6.814642573232326e-12,462
1.914165081219567e-32,100.00000000247641,99.99999999996088,99.99999999832087,2.4488885649127686e-06,9.936293454693157e-10,-9.68209179497137e-10,-6.816689097833345e-12,463
2.061345703862691e-32,100.00000000248042,99.99999999996088,99.99999999831901,2.4522658144695947e-06,9.933993072586134e-10,-9.689526958567285e-10,-6.828469163567953e-12,464
2.0061627120819903e-32,100.00000000245007,99.99999999996089,99.99999999833382,2.420722424529886e-06,9.944639556280777e-10,-9.695274028054257e-10,-6.824663669839174e-12,465
2.0069935751285673e-32,100.00000000245093,99.99999999996089,99.99999999833393,2.4200932525515425e-06,9.95026949723865e-10,-9.693755798068082e-10,-6.828290776170507e-12,466
1.9939635344924826e-32,100.00000000244964,99.99999999996089,99.99999999833479,2.4183633846923344e-06,9.958200930526573e-10,-9.696094482869455e-10,-6.838045995565133e-12,467
1.9973070977040878e-32,100.00000000244933,99.99999999996089,99.999999998335,2.4180018638674677e-06,9.958321389724745e-10,-9.695827474232033e-10,-6.838074695601307e-12,468
2.0192845852851432e-32,100.00000000244468,99.99999999996089,99.99999999833726,2.412846794717103e-06,9.962068947544367e-10,-9.693999492021987e-10,-6.83605904907816e-12,469
2.126258957798417e-32,100.0000000024471,99.99999999996089,99.9999999983364,2.4158442274678873e-06,9.972697667670616e-10,-9.687234903132946e-10,-6.794459969573014e-12,470
2.130158725762876e-32,100.00000000245247,99.9999999999609,99.99999999833379,2.4200935395933685e-06,9.972910275379832e-10,-9.687342039654823e-10,-6.794195243060698e-12,471
2.1031792496302565e-32,100.00000000244644,99.99999999996089,99.99999999833628,2.4159499177333075e-06,9.974991943551004e-10,-9.69088698177245e-10,-6.79210003248159e-12,472
2.1157586426135314e-32,100.00000000244353,99.9999999999609,99.99999999833781,2.412895145111792e-06,9.96758342530768e-10,-9.69420432817003e-10,-6.762889419001075e-12,473
2.132909364756163e-32,100.00000000244323,99.99999999996092,99.99999999833815,2.4127183308002564e-06,9.952528801093763e-10,-9.701089376257244e-10,-6.776236504783355e-12,474
2.2216059778079809e-32,100.0000000024447,99.99999999996092,99.9999999983373,2.41395030776001e-06,9.95178384144424e-10,-9.703798875548841e-10,-6.7719437156653504e-12,475
2.2175188154502892e-32,100.00000000244043,99.99999999996092,99.99999999833959,2.409603558788691e-06,9.955462565436335e-10,-9.706824788402457e-10,-6.771662002355264e-12,476
2.300823282235138e-32,100.00000000243995,99.9999999999609,99.99999999833958,2.4088080276931234e-06,9.958304736379375e-10,-9.702281755785691e-10,-6.767021092785041e-12,477
2.626761796663498e-31,100.00000000150371,99.99999999996248,99.99999999881882,1.4659987485383141e-06,1.1373995634222922e-09,-1.1096708552038592e-09,-7.69130733446446e-12,478
2.630088701327347e-31,100.00000000150375,99.9999999999625,99.99999999881872,1.466819696446539e-06,1.1373773589617997e-09,-1.1095415697326416e-09,-7.691727262831232e-12,479
2.660985777760745e-31,100.00000000150024,99.99999999996251,99.99999999881993,1.4641924705206118e-06,1.1371804609083824e-09,-1.109526304166053e-09,-7.695216335288111e-12,480
2.7378839595123624e-31,100.00000000150048,99.99999999996251,99.99999999881969,1.4648165539630715e-06,1.13712128602117e-09,-1.1094707375036705e-09,-7.69384244393249e-12,481
2.735726383982096e-31,100.00000000150357,99.99999999996251,99.99999999881871,1.465534596113514e-06,1.1373727515362475e-09,-1.1093942431372739e-09,-7.69288363528273e-12,482
2.742224144069624e-31,100.000000001515,99.99999999996251,99.99999999881312,1.4787022830945349e-06,1.136986171879073e-09,-1.1101733976559558e-09,-7.695738475489556e-12,483
2.7446772914794827e-31,100.00000000150037,99.99999999996253,99.9999999988205,1.4635893180769958e-06,1.136803484680371e-09,-1.1103911123910848e-09,-7.697508606599148e-12,484
2.7727770228482265e-31,100.00000000149959,99.99999999996253,99.99999999882061,1.4636794506200665e-06,1.1364890140086459e-09,-1.1104329677991132e-09,-7.69309622178977e-12,485
2.802045617988541e-31,100.00000000149234,99.99999999996253,99.99999999882424,1.4557850278871536e-06,1.1365864360790567e-09,-1.110237790591384e-09,-7.688165673150647e-12,486
2.8023297591814345e-31,100.00000000147784,99.99999999996254,99.9999999988317,1.4409749048958026e-06,1.1410116740329102e-09,-1.111012393195665e-09,-7.688683200915116e-12,487
2.7948808861590004e-31,100.0000000014639,99.99999999996253,99.99999999883873,1.426605796464306e-06,1.1407430000609509e-09,-1.1108151065641891e-09,-7.68392842216846e-12,488
2.788220825577826e-31,100.00000000146919,99.99999999996253,99.99999999883597,1.4318671398248082e-06,1.1406350863829573e-09,-1.110746883359326e-09,-7.68688415389265e-12,489
2.7895507475669417e-31,100.00000000146736,99.99999999996253,99.99999999883659,1.4305063145881085e-06,1.1406654509826808e-09,-1.110888270261512e-09,-7.686959901556965e-12,490
2.78827551348532e-31,100.00000000148043,99.99999999996254,99.99999999883022,1.443197917386476e-06,1.1423939016985685e-09,-1.1108557962380416e-09,-7.693485075476673e-12,491
2.7784518464058993e-31,100.00000000147978,99.99999999996253,99.99999999883049,1.4435357461006609e-06,1.1422445767017564e-09,-1.1104274721951413e-09,-7.67969231610377e-12,492
2.7794799323811067e-31,100.00000000147918,99.99999999996254,99.99999999883035,1.443116015072819e-06,1.1418830325737872e-09,-1.1113687192754185e-09,-7.68831806668054e-12,493
2.7749108328181097e-31,100.00000000147392,99.99999999996255,99.9999999988332,1.4379561669712305e-06,1.142010430665863e-09,-1.1113145403918168e-09,-7.68834099008754e-12,494
2.7841480836294904e-31,100.00000000148015,99.99999999996255,99.99999999883019,1.445366005007523e-06,1.1421891210616764e-09,-1.1113077680313665e-09,-7.688009274336994e-12,495
2.7950065950020345e-31,100.00000000148054,99.99999999996257,99.99999999882988,1.4458427977493691e-06,1.1419427070613608e-09,-1.10924663898615e-09,-7.699944873450986e-12,496
2.822448336495312e-31,100.00000000150379,99.99999999996257,99.99999999881831,1.4703329465305848e-06,1.1416024792154644e-09,-1.1091149665354294e-09,-7.708966539966678e-12,497
2.8606539890426264e-31,100.00000000150233,99.99999999996257,99.99999999881928,1.469173039719457e-06,1.1411303013630913e-09,-1.1097102126100822e-09,-7.698141728626176e-12,498
2.84617389419801e-31,100.00000000148731,99.99999999996257,99.99999999882691,1.4514761675095285e-06,1.1422327528265441e-09,-1.1104351327340112e-09,-7.693402290617459e-12,499
2.827898906636117e-31,100.00000000148376,99.99999999996257,99.99999999882873,1.448759192939464e-06,1.1421090184704497e-09,-1.1103776231813356e-09,-7.693205800416806e-12,500
2.820015806332417e-31,100.00000000148093,99.99999999996257,99.99999999883,1.4461198229396345e-06,1.141984784513994e-09,-1.1103874486551035e-09,-7.69211069647101e-12,501
2.828354989928674e-31,100.00000000146719,99.99999999996257,99.99999999883643,1.4324541761193932e-06,1.1425762558303632e-09,-1.1107460506920575e-09,-7.689175351602603e-12,502
2.8416229241493455e-31,100.00000000146832,99.99999999996257,99.9999999988359,1.4329446377572418e-06,1.142683780930298e-09,-1.110853964370051e-09,-7.694367685434016e-12,503
2.8349480703194573e-31,100.00000000147018,99.99999999996257,99.99999999883491,1.4346874212811732e-06,1.1454104331676263e-09,-1.1118487242001152e-09,-7.70322498690036e-12,504
2.872720414592044e-31,100.00000000148044,99.99999999996257,99.9999999988303,1.4451896090408505e-06,1.1454251991338538e-09,-1.1118413967281526e-09,-7.703519155525005e-12,505
2.899510885765637e-31,100.00000000147074,99.99999999996258,99.99999999883518,1.435543497360137e-06,1.1450192460848996e-09,-1.1122757714865372e-09,-7.708066079704768e-12,506
2.9977859113706126e-31,100.00000000147178,99.99999999996258,99.99999999883471,1.4369796529746315e-06,1.1450332348950099e-09,-1.112281711179719e-09,-7.70705384928183e-12,507
2.998046958129739e-31,100.00000000147693,99.99999999996258,99.99999999883208,1.4431462057385628e-06,1.1451306014542695e-09,-1.112254122137557e-09,-7.707870543602026e-12,508
2.9767413320437844e-31,100.00000000147438,99.99999999996258,99.99999999883326,1.4413698316117151e-06,1.1454546755551576e-09,-1.112387792989722e-09,-7.71091758346011e-12,509
2.9668620934431234e-31,100.00000000147287,99.9999999999626,99.99999999883391,1.4396426338748365e-06,1.1455451587316645e-09,-1.1121623066934205e-09,-7.704091679806075e-12,510
2.991701287708028e-31,100.00000000146709,99.9999999999626,99.99999999883681,1.4343756672196421e-06,1.1452211401419277e-09,-1.112197223207545e-09,-7.714586041744168e-12,511
3.0050477353899195e-31,100.00000000146645,99.9999999999626,99.99999999883653,1.4323673142639097e-06,1.1481321449124948e-09,-1.1125823595747875e-09,-7.706078495225051e-12,512
3.01265795494188e-31,100.00000000146825,99.9999999999626,99.99999999883592,1.4332971364920396e-06,1.1480415507136854e-09,-1.1126008447881475e-09,-7.705678695433013e-12,513
3.0014575008759693e-31,100.00000000146228,99.9999999999626,99.99999999883896,1.4293193650901847e-06,1.1486565032470253e-09,-1.112129555114194e-09,-7.700522235683085e-12,514
2.9521672877441323e-31,100.00000000144927,99.9999999999626,99.9999999988456,1.4160133201622813e-06,1.1484302397946067e-09,-1.1119449805363502e-09,-7.703135746942344e-12,515
2.9682299745697846e-31,100.00000000144571,99.99999999996261,99.99999999884737,1.4137817358496264e-06,1.1484374007331155e-09,-1.1120611653758772e-09,-7.70171348185886e-12,516
2.9791466245085274e-31,100.0000000014509,99.99999999996261,99.99999999884416,1.4210127430808334e-06,1.1484682094220489e-09,-1.11208969810761e-09,-7.701883760387792e-12,517
2.979614625940558e-31,100.00000000144946,99.99999999996261,99.9999999988447,1.4183472881630325e-06,1.1477739314535995e-09,-1.1121205067965434e-09,-7.701627925297026e-12,518
2.986807863449529e-31,100.00000000144541,99.9999999999626,99.99999999884676,1.416361579159203e-06,1.1472096606013338e-09,-1.1119158371819537e-09,-7.711935536543047e-12,519
2.984879990416434e-31,100.00000000143267,99.99999999996261,99.99999999885415,1.4020369847798518e-06,1.1465904892205003e-09,-1.1116124132293237e-09,-7.714841707217529e-12,520
3.000370101964707e-31,100.00000000143247,99.99999999996263,99.99999999885408,1.4024909836931674e-06,1.1469249439066687e-09,-1.1117195497512e-09,-7.71340011345958e-12,521
2.981559588872206e-31,100.00000000142789,99.99999999996263,99.99999999885627,1.3975035466329184e-06,1.1468850869000846e-09,-1.1117771148150268e-09,-7.715614991046473e-12,522
2.97388960187195e-31,100.00000000142782,99.99999999996263,99.99999999885611,1.399717868565009e-06,1.1470500105303927e-09,-1.1118889142736066e-09,-7.716719019180819e-12,523
2.9958740325999254e-31,100.00000000142748,99.99999999996263,99.99999999885593,1.4006409784298787e-06,1.1471790739570054e-09,-1.1119107856671917e-09,-7.717852570381255e-12,524
2.978259304083432e-31,100.000000001425,99.99999999996263,99.99999999885716,1.397685429020219e-06,1.1470602245822192e-09,-1.1117253784220793e-09,-7.715187231366943e-12,525
2.978943596221667e-31,100.00000000142644,99.99999999996264,99.99999999885665,1.3990082746458927e-06,1.1466900762258092e-09,-1.1118944098775785e-09,-7.715408900115117e-12,526
2.973667361043794e-31,100.00000000142897,99.99999999996264,99.99999999885513,1.4015004437352463e-06,1.1468019311955402e-09,-1.1116464415650285e-09,-7.716789445099003e-12,527
2.9783582285932463e-31,100.00000000143177,99.99999999996265,99.99999999885365,1.4045798032224675e-06,1.1461678828261768e-09,-1.1125512178189467e-09,-7.712849329118606e-12,528
2.9808368186609398e-31,100.00000000142968,99.99999999996265,99.99999999885465,1.4038997832389793e-06,1.1461587789973748e-09,-1.1133547417330192e-09,-7.706260525541797e-12,529
2.9280331598057787e-31,100.00000000143069,99.99999999996265,99.9999999988546,1.4044464970545028e-06,1.1466370075652321e-09,-1.1134215216479504e-09,-7.697281465762146e-12,530
2.947188480976999e-31,100.00000000142624,99.99999999996267,99.99999999885631,1.399461319011932e-06,1.145842420946508e-09,-1.1128063470700056e-09,-7.681434126888881e-12,531
2.9437877018310876e-31,100.00000000142481,99.99999999996267,99.99999999885725,1.3980569102591626e-06,1.1476678496435966e-09,-1.114402237156753e-09,-7.683354901385128e-12,532
2.9407134341260687e-31,100.0000000014189,99.99999999996267,99.99999999886037,1.3936484693835764e-06,1.1477072625609708e-09,-1.1144659639583665e-09,-7.682892740211599e-12,533
3.0102067522505813e-31,100.00000000143523,99.99999999996267,99.9999999988521,1.4099583387278452e-06,1.147472061813204e-09,-1.1150670387038986e-09,-7.695369654003859e-12,534
3.0578057217668284e-31,100.00000000144293,99.99999999996267,99.9999999988478,1.418276968504507e-06,1.1467409799514883e-09,-1.1143223566101312e-09,-7.699574959089499e-12,535
3.0550314440576144e-31,100.00000000143957,99.99999999996267,99.99999999884932,1.414874121415326e-06,1.1470477345731922e-09,-1.1141333411401888e-09,-7.700307476916757e-12,536
3.03550802742122e-31,100.00000000144357,99.99999999996267,99.99999999884717,1.41893361812353e-06,1.1470374650102144e-09,-1.114145387060006e-09,-7.701454524265837e-12,537
3.0406385019823433e-31,100.00000000144014,99.99999999996267,99.99999999884892,1.4157758960447908e-06,1.147411332613757e-09,-1.1139238975665933e-09,-7.69971968899657e-12,538
3.0438577582433475e-31,100.00000000143025,99.99999999996267,99.99999999885395,1.4040419141736433e-06,1.1491556040077455e-09,-1.1146101819292653e-09,-7.698717785960725e-12,539
2.993983661780219e-31,100.00000000142299,99.99999999996267,99.99999999885725,1.3971643661899275e-06,1.1495628893243293e-09,-1.1136560007507512e-09,-7.708139926883141e-12,540
2.989056377884789e-31,100.00000000142877,99.99999999996267,99.99999999885428,1.4029759613567473e-06,1.150642303660021e-09,-1.112876790720918e-09,-7.707545791802501e-12,541
2.992836427156744e-31,100.00000000145187,99.99999999996267,99.9999999988428,1.4220195983270194e-06,1.150963435669894e-09,-1.1129436816581517e-09,-7.711198519999573e-12,542
2.9538974360149215e-31,100.00000000144202,99.99999999996268,99.99999999884781,1.411999780751684e-06,1.1502587771161643e-09,-1.1127369026198153e-09,-7.716845544128745e-12,543
2.944305394288833e-31,100.00000000144094,99.99999999996268,99.9999999988481,1.4112850615380744e-06,1.1503449859340265e-09,-1.1129880350679855e-09,-7.712086106685822e-12,544
2.941442175060551e-31,100.0000000014392,99.9999999999627,99.99999999884935,1.409385380732503e-06,1.1494891705154942e-09,-1.1119324905273231e-09,-7.714263230907465e-12,545
3.0609020710358554e-31,100.00000000143767,99.9999999999627,99.99999999885007,1.408095217509142e-06,1.1487569784307539e-09,-1.1110531383806688e-09,-7.695291572172734e-12,546
3.0576860838118823e-31,100.00000000143103,99.9999999999627,99.99999999885317,1.4017851518430336e-06,1.1493873075529848e-09,-1.110978531393414e-09,-7.697089871336635e-12,547
3.0942983069672466e-31,100.00000000143002,99.99999999996271,99.99999999885362,1.4015666902821968e-06,1.1490624007848282e-09,-1.1108929887093666e-09,-7.689649079526777e-12,548
3.0985921760791365e-31,100.00000000143186,99.9999999999627,99.99999999885276,1.4031372325770868e-06,1.1494555862689992e-09,-1.1110590225626993e-09,-7.692584991071517e-12,549
3.0903907160610853e-31,100.00000000143261,99.9999999999627,99.99999999885237,1.4022583343908377e-06,1.1492892748599104e-09,-1.1111198627844487e-09,-7.690562694775046e-12,550
3.079936803118077e-31,100.00000000143724,99.99999999996271,99.99999999884972,1.406879739144307e-06,1.1493088147851438e-09,-1.1113439613019693e-09,-7.69133732205095e-12,551
2.9881059100046763e-31,100.00000000143538,99.99999999996271,99.99999999885075,1.4063721141788178e-06,1.1492425344705737e-09,-1.1110691255922234e-09,-7.686020196067615e-12,552
2.9928214133672996e-31,100.00000000143443,99.99999999996271,99.99999999885094,1.4044032789373354e-06,1.1493609952673012e-09,-1.1112402109603181e-09,-7.687427072226397e-12,553
3.0668072849778886e-31,100.00000000143443,99.99999999996271,99.99999999885104,1.4045636663221118e-06,1.1493952456476109e-09,-1.1111886411008243e-09,-7.684918696774605e-12,554
3.099893714740652e-31,100.00000000143716,99.99999999996272,99.99999999884945,1.4081571415159585e-06,1.1502801489093883e-09,-1.1108334252440955e-09,-7.717390320544082e-12,555
3.0994889888640446e-31,100.0000000014456,99.99999999996272,99.99999999884612,1.4158341017572373e-06,1.1508521913228265e-09,-1.1113802655948746e-09,-7.717140385440604e-12,556
3.0855251599994542e-31,100.0000000014557,99.99999999996271,99.99999999884119,1.4277301706205163e-06,1.150798789595342e-09,-1.1122533449814398e-09,-7.711058371689949e-12,557
3.001400959259163e-31,100.00000000145407,99.99999999996272,99.9999999988422,1.4261377450161286e-06,1.1530125743064445e-09,-1.1122410770170177e-09,-7.687340120175899e-12,558
2.964807509044185e-31,100.0000000014524,99.99999999996272,99.99999999884348,1.423838408963466e-06,1.1517351516943108e-09,-1.110513125901491e-09,-7.656615220313911e-12,559
2.952175736675479e-31,100.00000000146699,99.99999999996272,99.99999999883637,1.4384516425374532e-06,1.1515520759175502e-09,-1.1105117936338615e-09,-7.651416248273998e-12,560
2.9423111398832907e-31,100.00000000146753,99.99999999996272,99.99999999883626,1.4391543982895043e-06,1.1516834153013633e-09,-1.1110319886320497e-09,-7.65272512604868e-12,561
2.973871739678034e-31,100.00000000146852,99.99999999996272,99.99999999883578,1.440132315123378e-06,1.1515301490128138e-09,-1.1111822573184327e-09,-7.649287968083026e-12,562
2.9775368906399086e-31,100.00000000147026,99.99999999996272,99.99999999883482,1.4412870624619897e-06,1.1515544073859019e-09,-1.1111789266493588e-09,-7.64915284661654e-12,563
3.083016882749898e-31,100.00000000147256,99.99999999996275,99.99999999883383,1.4455798520074386e-06,1.1532461097196745e-09,-1.1125946275392096e-09,-7.61540186042859e-12,564
3.1273033852522744e-31,100.00000000146646,99.99999999996275,99.99999999883686,1.439949113335264e-06,1.1516873565931007e-09,-1.1135261601680213e-09,-7.583202541985547e-12,565
3.167026781931732e-31,100.0000000014649,99.99999999996277,99.99999999883748,1.438174021575731e-06,1.1521162912586647e-09,-1.113804548591446e-09,-7.589612418473162e-12,566
3.1670991038949987e-31,100.00000000146757,99.99999999996277,99.99999999883578,1.4415443092619775e-06,1.1521690268523344e-09,-1.1136857547278112e-09,-7.589756070924208e-12,567
3.1647395314844335e-31,100.00000000145438,99.99999999996275,99.99999999884234,1.4286169198317938e-06,1.1539841859864453e-09,-1.1142886058301826e-09,-7.587974689169138e-12,568
3.172325404769046e-31,100.00000000145309,99.99999999996277,99.99999999884275,1.428759419234405e-06,1.1591058113324948e-09,-1.1159054791320955e-09,-7.561499528370893e-12,569
3.1848829343933696e-31,100.00000000145047,99.99999999996277,99.99999999884393,1.426802711854229e-06,1.1587265591472828e-09,-1.115842473975448e-09,-7.56622249807141e-12,570
3.134939405015022e-31,100.000000001448,99.99999999996277,99.99999999884562,1.4228980376923717e-06,1.1582473868898546e-09,-1.1159009272176945e-09,-7.576025780871144e-12,571
3.0368639811027775e-31,100.00000000144708,99.99999999996277,99.99999999884606,1.4191907123218874e-06,1.1573714764345766e-09,-1.116347736473955e-09,-7.59015661471987e-12,572
3.0613752091578326e-31,100.0000000014492,99.99999999996277,99.99999999884496,1.4219370934003148e-06,1.1585478132403182e-09,-1.1170230851398344e-09,-7.580120798020592e-12,573
3.0129670638262643e-31,100.00000000145435,99.9999999999628,99.99999999884224,1.4251967420232032e-06,1.1584348480475626e-09,-1.1166368385495673e-09,-7.576288737965515e-12,574
3.1007341812685218e-31,100.0000000014319,99.9999999999628,99.99999999885326,1.4031596684903736e-06,1.1585278847370262e-09,-1.116664150035973e-09,-7.5741144567629e-12,575
